60100,8871,1,0
60100,8961,2,0
60100,6622,3,0
60100,6895,4,0
60100,8940,5,0
60100,8960,6,0
60100,8923,7,0
60100,6204,8,0
60100,6206,9,0
60100,8285,10,0
60100,8286,11,0
60100,8287,12,0
60100,8288,13,0
60100,8290,14,0
60100,8291,15,0
60100,14906,16,0
60100,8293,17,0
60100,8294,18,0
60100,8295,19,0
60100,8296,20,0
60100,8297,21,0
60100,8298,22,0
60100,15806,23,0
60100,8938,24,0
60100,8939,25,0
60100,8880,26,0
60100,8881,27,0
60100,8882,28,1
60101,8882,1,0
60101,8958,2,0
60101,8684,3,0
60101,8685,4,0
60101,8936,5,0
60101,8331,6,0
60101,8332,7,0
60101,8333,8,0
60101,8334,9,0
60101,8335,10,0
60101,8336,11,0
60101,8337,12,0
60101,8338,13,0
60101,8339,14,0
60101,8340,15,0
60101,8341,16,0
60101,8342,17,0
60101,8343,18,0
60101,8344,19,0
60101,8268,20,0
60101,8933,21,0
60101,6269,22,0
60101,14904,23,0
60101,6270,24,0
60101,8926,25,0
60101,8935,26,0
60101,8871,27,1
60200,8871,1,0
60200,8940,2,0
60200,8922,3,0
60200,8951,4,0
60200,8917,5,0
60200,8923,6,0
60200,8924,7,0
60200,8925,8,0
60200,8926,9,0
60200,8929,10,0
60200,8877,11,0
60200,8928,12,0
60200,8930,13,0
60200,8965,14,0
60200,8967,15,0
60200,900006,16,0
60200,900005,17,0
60200,8577,18,0
60200,8950,19,1
60201,8577,1,0
60201,8581,2,0
60201,8596,3,0
60201,13161,4,0
60201,6152,5,0
60201,900007,6,0
60201,8950,7,0
60201,8873,8,0
60201,8932,9,0
60201,8874,10,0
60201,8980,11,0
60201,8875,12,0
60201,8871,13,1
60303,13131,1,0
60303,13134,2,0
60303,13163,3,0
60303,13128,4,0
60303,13083,5,0
60303,13043,6,0
60303,13035,7,0
60303,32003,8,0
60303,14854,9,0
60303,8006,10,0
60303,13031,11,0
60303,14868,12,0
60303,14879,13,0
60303,13038,14,0
60303,8020,15,0
60303,8500,16,0
60303,13039,17,0
60303,13070,18,1
60304,13070,1,0
60304,13040,2,0
60304,13038,3,0
60304,8033,4,0
60304,13032,5,0
60304,13031,6,0
60304,8035,7,0
60304,8008,8,0
60304,8102,9,0
60304,13115,10,0
60304,15807,11,0
60304,13036,12,0
60304,8010,13,0
60304,8011,14,0
60304,13084,15,0
60304,13129,16,0
60304,13164,17,0
60304,13135,18,0
60304,13131,19,1
60400,13070,1,0
60400,13127,2,0
60400,13117,3,0
60400,13118,4,0
60400,13116,5,1
60401,13116,1,0
60401,13118,2,0
60401,13117,3,0
60401,13127,4,0
60401,13070,5,1
