60100,3871,1,0
60100,8940,2,0
60100,8960,3,0
60100,8923,4,0
60100,8924,5,0
60100,8925,6,0
60100,6895,7,0
60100,6204,8,0
60100,6206,9,0
60100,8285,10,0
60100,8286,11,0
60100,8287,12,0
60100,8288,13,0
60100,8290,14,0
60100,8291,15,0
60100,6292,16,0
60100,8293,17,0
60100,8294,18,0
60100,8295,19,0
60100,8296,20,0
60100,8297,21,0
60100,8299,22,0
60100,8938,23,0
60100,8939,24,0
60100,8880,25,0
60100,8881,26,0
60100,8882,27,1
60101,8882,1,0
60101,8958,2,0
60101,8684,3,0
60101,8685,4,0
60101,8936,5,0
60101,8331,6,0
60101,8332,7,0
60101,8333,8,0
60101,8334,9,0
60101,8335,10,0
60101,8336,11,0
60101,8337,12,0
60101,8338,13,0
60101,8339,14,0
60101,8340,15,0
60101,8341,16,0
60101,8342,17,0
60101,8343,18,0
60101,8344,19,0
60101,6268,20,0
60101,8933,21,0
60101,6269,22,0
60101,6894,23,0
60101,6270,24,0
60101,8926,25,0
60101,8935,26,0
60101,3871,27,1
60200,3871,1,0
60200,8940,2,0
60200,8922,3,0
60200,8951,4,0
60200,8917,5,0
60200,8923,6,0
60200,8924,7,0
60200,8925,8,0
60200,8926,9,0
60200,8929,10,0
60200,8877,11,0
60200,8928,12,0
60200,8930,13,0
60200,8965,14,0
60200,8967,15,0
60200,8950,16,1
60201,8950,1,0
60201,8873,2,0
60201,8932,3,0
60201,8874,4,0
60201,8980,5,0
60201,8875,6,0
60201,3871,7,1
60300,3036,1,0
60300,3018,2,0
60300,38711,3,0
60300,3002,4,0
60300,3003,5,0
60300,99993,6,0
60300,3005,7,0
60300,32003,8,0
60300,32004,9,0
60300,8006,10,0
60300,30071,11,0
60300,3500,12,0
60300,3020,13,0
60300,30211,14,1
60301,30211,1,0
60301,8033,2,0
60301,3007,3,0
60301,8035,4,0
60301,8008,5,0
60301,8102,6,0
60301,6102,7,0
60301,32005,8,0
60301,3009,9,0
60301,8010,10,0
60301,8011,11,0
60301,3013,12,0
60301,3014,13,0
60301,38712,14,0
60301,3034,15,0
60301,3036,16,1
