60100,3871,1,0
60100,8940,2,0
60100,8960,3,0
60100,8923,4,0
60100,8924,5,0
60100,8925,6,0
60100,6895,7,0
60100,6204,8,0
60100,6206,9,0
60100,8285,10,0
60100,8286,11,0
60100,8287,12,0
60100,8288,13,0
60100,8290,14,0
60100,8291,15,0
60100,6292,16,0
60100,8293,17,0
60100,8294,18,0
60100,8295,19,0
60100,8296,20,0
60100,8297,21,0
60100,8299,22,0
60100,8938,23,0
60100,8939,24,0
60100,8880,25,0
60100,8881,26,0
60100,8882,27,1
60101,8882,1,0
60101,8958,2,0
60101,8684,3,0
60101,8685,4,0
60101,8936,5,0
60101,8331,6,0
60101,8332,7,0
60101,8333,8,0
60101,8334,9,0
60101,8335,10,0
60101,8336,11,0
60101,8337,12,0
60101,8338,13,0
60101,8339,14,0
60101,8340,15,0
60101,8341,16,0
60101,8342,17,0
60101,8343,18,0
60101,8344,19,0
60101,6268,20,0
60101,8933,21,0
60101,6269,22,0
60101,6270,23,0
60101,8926,24,0
60101,8935,25,0
60101,3871,26,1
60200,3871,1,0
60200,8940,2,0
60200,8922,3,0
60200,8951,4,0
60200,8917,5,0
60200,8923,6,0
60200,8924,7,0
60200,8925,8,0
60200,8926,9,0
60200,8929,10,0
60200,8877,11,0
60200,8928,12,0
60200,8930,13,0
60200,8965,14,0
60200,8967,15,0
60200,8950,16,1
60201,8950,1,0
60201,8873,2,0
60201,8932,3,0
60201,8874,4,0
60201,8980,5,0
60201,8875,6,0
60201,3871,7,1
