60100,8882,1,0
60100,8684,2,0
60100,8959,3,0
60100,8685,4,0
60100,8936,5,0
60100,8332,6,0
60100,8333,7,0
60100,8334,8,0
60100,8335,9,0
60100,8336,10,0
60100,8337,11,0
60100,8338,12,0
60100,8339,13,0
60100,8340,14,0
60100,8341,15,0
60100,8342,16,0
60100,8343,17,0
60100,8344,18,0
60100,8268,19,0
60100,6268,20,0
60100,8933,21,0
60100,6269,22,0
60100,8927,23,0
60100,6894,24,0
60100,6270,25,0
60100,8926,26,0
60100,8935,27,0
60100,8014,28,0
60100,8871,29,1
60101,8871,1,0
60101,8002,2,0
60101,8003,3,0
60101,8940,4,0
60101,8960,5,0
60101,8923,6,0
60101,6209,7,0
60101,8924,8,0
60101,8961,9,0
60101,8962,10,0
60101,8963,11,0
60101,8622,12,0
60101,6895,13,0
60101,6204,14,0
60101,6206,15,0
60101,8285,16,0
60101,8286,17,0
60101,8287,18,0
60101,8342,19,0
60101,8288,20,0
60101,8341,21,0
60101,8290,22,0
60101,8291,23,0
60101,8293,24,0
60101,8294,25,0
60101,8295,26,0
60101,8296,27,0
60101,8297,28,0
60101,8298,29,0
60101,8331,30,0
60101,8938,31,0
60101,8939,32,0
60101,8880,33,0
60101,8881,34,0
60101,8882,35,1
60200,8871,1,0
60200,8002,2,0
60200,8003,3,0
60200,8940,4,0
60200,8922,5,0
60200,8951,6,0
60200,8917,7,0
60200,8923,8,0
60200,8924,9,0
60200,8925,10,0
60200,8926,11,0
60200,8929,12,0
60200,8877,13,0
60200,8928,14,0
60200,8930,15,0
60200,8965,16,0
60200,8967,17,0
60200,900001,18,0
60200,8950,19,0
60200,900002,20,1
60201,8950,1,0
60201,900002,2,0
60201,900000,3,0
60201,900003,4,0
60201,8873,5,0
60201,8932,6,0
60201,8874,7,0
60201,8980,8,0
60201,8875,9,0
60201,8871,10,1
