60200,'11',900,,622,0,5 6 2 7 8,1,100,,619,0,5 6 2 7 8,1,100,,627,0,5 6 2 7 8,1,100,,623,0,5 6 2 7 8,1,100,,626,0,5 6 2 7 8,1,100,,621,0,5 6 2 7 8,1,100,,625,0,5 6 2 7 8,1,100,,629,0,5 6 2 7 8,1,100,,628,0,5 6 2 7 8,1,100,,624,0,5 6 2 7 8,1,100,,620,0,5 6 2 7 8,1,100,,630,0,5 6 2 7 8,1
60200,'14',900,,653,0,5 6 2 7 8,1,30,,646,0,5 6 2 7 8,1,70,,633,0,5 6 2 7 8,1,30,,651,0,5 6 2 7 8,1,70,,636,0,5 6 2 7 8,1,30,,631,0,5 6 2 7 8,1,70,,635,0,5 6 2 7 8,1,30,,652,0,5 6 2 7 8,1,70,,644,0,5 6 2 7 8,1,30,,638,0,5 6 2 7 8,1,70,,640,0,5 6 2 7 8,1,30,,642,0,5 6 2 7 8,1,70,,650,0,5 6 2 7 8,1,30,,632,0,5 6 2 7 8,1,70,,647,0,5 6 2 7 8,1,30,,649,0,5 6 2 7 8,1,70,,641,0,5 6 2 7 8,1,30,,643,0,5 6 2 7 8,1,70,,639,0,5 6 2 7 8,1,30,,637,0,5 6 2 7 8,1,70,,648,0,5 6 2 7 8,1,30,,634,0,5 6 2 7 8,1,70,,645,0,5 6 2 7 8,1
60200,'18',900,,657,0,5 6 2 7 8,1,100,,654,0,5 6 2 7 8,1,100,,662,0,5 6 2 7 8,1,100,,658,0,5 6 2 7 8,1,100,,661,0,5 6 2 7 8,1,100,,656,0,5 6 2 7 8,1,100,,660,0,5 6 2 7 8,1,100,,664,0,5 6 2 7 8,1,100,,663,0,5 6 2 7 8,1,100,,659,0,5 6 2 7 8,1,100,,655,0,5 6 2 7 8,1,100,,665,0,5 6 2 7 8,1
60200,'20',900,,688,0,5 6 2 7 8,1,30,,681,0,5 6 2 7 8,1,70,,668,0,5 6 2 7 8,1,30,,686,0,5 6 2 7 8,1,70,,671,0,5 6 2 7 8,1,30,,666,0,5 6 2 7 8,1,70,,670,0,5 6 2 7 8,1,30,,687,0,5 6 2 7 8,1,70,,679,0,5 6 2 7 8,1,30,,673,0,5 6 2 7 8,1,70,,675,0,5 6 2 7 8,1,30,,677,0,5 6 2 7 8,1,70,,685,0,5 6 2 7 8,1,30,,667,0,5 6 2 7 8,1,70,,682,0,5 6 2 7 8,1,30,,684,0,5 6 2 7 8,1,70,,676,0,5 6 2 7 8,1,30,,678,0,5 6 2 7 8,1,70,,674,0,5 6 2 7 8,1,30,,672,0,5 6 2 7 8,1,70,,683,0,5 6 2 7 8,1,30,,669,0,5 6 2 7 8,1,70,,680,0,5 6 2 7 8,1
60200,'4',900,,711,0,5 6 2 7 8,1,30,,704,0,5 6 2 7 8,1,70,,691,0,5 6 2 7 8,1,30,,709,0,5 6 2 7 8,1,70,,694,0,5 6 2 7 8,1,30,,689,0,5 6 2 7 8,1,70,,693,0,5 6 2 7 8,1,30,,710,0,5 6 2 7 8,1,70,,702,0,5 6 2 7 8,1,30,,696,0,5 6 2 7 8,1,70,,698,0,5 6 2 7 8,1,30,,700,0,5 6 2 7 8,1,70,,708,0,5 6 2 7 8,1,30,,690,0,5 6 2 7 8,1,70,,705,0,5 6 2 7 8,1,30,,707,0,5 6 2 7 8,1,70,,699,0,5 6 2 7 8,1,30,,701,0,5 6 2 7 8,1,70,,697,0,5 6 2 7 8,1,30,,695,0,5 6 2 7 8,1,70,,706,0,5 6 2 7 8,1,30,,692,0,5 6 2 7 8,1,70,,703,0,5 6 2 7 8,1
60200,'8',900,,715,0,5 6 2 7 8,1,100,,712,0,5 6 2 7 8,1,100,,720,0,5 6 2 7 8,1,100,,716,0,5 6 2 7 8,1,100,,719,0,5 6 2 7 8,1,100,,714,0,5 6 2 7 8,1,100,,718,0,5 6 2 7 8,1,100,,722,0,5 6 2 7 8,1,100,,721,0,5 6 2 7 8,1,100,,717,0,5 6 2 7 8,1,100,,713,0,5 6 2 7 8,1,100,,723,0,5 6 2 7 8,1
60201,'11',959,,728,4,,1,100,,726,4,,1,100,,735,4,,1,100,,730,4,,1,100,,724,4,,1,100,,725,4,,1,100,,732,4,,1,100,,731,4,,1,100,,727,4,,1,100,,729,4,,1,100,,733,4,,1,100,,734,4,,1
60201,'14',959,,744,4,,1,70,,750,4,,1,30,,751,4,,1,70,,737,4,,1,30,,740,4,,1,70,,758,4,,1,30,,757,4,,1,70,,736,4,,1,30,,739,4,,1,70,,755,4,,1,30,,753,4,,1,70,,754,4,,1,30,,756,4,,1,70,,741,4,,1,30,,745,4,,1,70,,742,4,,1,30,,738,4,,1,70,,747,4,,1,30,,743,4,,1,70,,748,4,,1,30,,746,4,,1,70,,749,4,,1,30,,752,4,,1
60201,'18',959,,763,4,,1,100,,761,4,,1,100,,770,4,,1,100,,765,4,,1,100,,759,4,,1,100,,760,4,,1,100,,767,4,,1,100,,766,4,,1,100,,762,4,,1,100,,764,4,,1,100,,768,4,,1,100,,769,4,,1
60201,'20',959,,779,4,,1,70,,785,4,,1,30,,786,4,,1,70,,772,4,,1,30,,775,4,,1,70,,793,4,,1,30,,792,4,,1,70,,771,4,,1,30,,774,4,,1,70,,790,4,,1,30,,788,4,,1,70,,789,4,,1,30,,791,4,,1,70,,776,4,,1,30,,780,4,,1,70,,777,4,,1,30,,773,4,,1,70,,782,4,,1,30,,778,4,,1,70,,783,4,,1,30,,781,4,,1,70,,784,4,,1,30,,787,4,,1
60201,'4',959,,802,4,,1,70,,808,4,,1,30,,809,4,,1,70,,795,4,,1,30,,798,4,,1,70,,816,4,,1,30,,815,4,,1,70,,794,4,,1,30,,797,4,,1,70,,813,4,,1,30,,811,4,,1,70,,812,4,,1,30,,814,4,,1,70,,799,4,,1,30,,803,4,,1,70,,800,4,,1,30,,796,4,,1,70,,805,4,,1,30,,801,4,,1,70,,806,4,,1,30,,804,4,,1,70,,807,4,,1,30,,810,4,,1
60201,'8',959,,821,4,,1,100,,819,4,,1,100,,828,4,,1,100,,823,4,,1,100,,817,4,,1,100,,818,4,,1,100,,825,4,,1,100,,824,4,,1,100,,820,4,,1,100,,822,4,,1,100,,826,4,,1,100,,827,4,,1
60300,'11',900,,854,0,9 10,1,30,,857,0,9 10,1,70,,835,0,9 10,1,30,,834,0,9 10,1,70,,837,0,9 10,1,30,,843,0,9 10,1,70,,838,0,9 10,1,30,,851,0,9 10,1,70,,848,0,9 10,1,30,,841,0,9 10,1,70,,846,0,9 10,1,30,,849,0,9 10,1,70,,832,0,9 10,1,30,,864,0,9 10,1,70,,833,0,9 10,1,30,,847,0,9 10,1,70,,859,0,9 10,1,30,,861,0,9 10,1,70,,836,0,9 10,1,30,,844,0,9 10,1,70,,862,0,9 10,1,30,,839,0,9 10,1,70,,831,0,9 10,1
60300,'14',900,,938,0,9 10,1,15,,917,0,9 10,1,15,,896,0,9 10,1,15,,890,0,9 10,1,55,,909,0,9 10,1,15,,910,0,9 10,1,15,,919,0,9 10,1,15,,895,0,9 10,1,55,,889,0,9 10,1,15,,942,0,9 10,1,15,,897,0,9 10,1,15,,878,0,9 10,1,55,,903,0,9 10,1,15,,900,0,9 10,1,15,,932,0,9 10,1,15,,904,0,9 10,1,55,,927,0,9 10,1,15,,875,0,9 10,1,15,,934,0,9 10,1,15,,929,0,9 10,1,55,,905,0,9 10,1,15,,874,0,9 10,1,15,,940,0,9 10,1,15,,944,0,9 10,1,55,,888,0,9 10,1,15,,899,0,9 10,1,15,,887,0,9 10,1,15,,918,0,9 10,1,55,,928,0,9 10,1,15,,876,0,9 10,1,15,,871,0,9 10,1,15,,945,0,9 10,1,55,,901,0,9 10,1,15,,937,0,9 10,1,15,,912,0,9 10,1,15,,915,0,9 10,1,55,,916,0,9 10,1,30,,892,0,9 10,1,70,,891,0,9 10,1,30,,881,0,9 10,1,70,,923,0,9 10,1
60300,'18',900,,972,0,9 10,1,30,,975,0,9 10,1,70,,953,0,9 10,1,30,,952,0,9 10,1,70,,955,0,9 10,1,30,,961,0,9 10,1,70,,956,0,9 10,1,30,,969,0,9 10,1,70,,966,0,9 10,1,30,,959,0,9 10,1,70,,964,0,9 10,1,30,,967,0,9 10,1,70,,950,0,9 10,1,30,,982,0,9 10,1,70,,951,0,9 10,1,30,,965,0,9 10,1,70,,977,0,9 10,1,30,,979,0,9 10,1,70,,954,0,9 10,1,30,,962,0,9 10,1,70,,980,0,9 10,1,30,,957,0,9 10,1,70,,949,0,9 10,1
60300,'20',900,,1056,0,9 10,1,15,,1035,0,9 10,1,15,,1014,0,9 10,1,15,,1008,0,9 10,1,55,,1027,0,9 10,1,15,,1028,0,9 10,1,15,,1037,0,9 10,1,15,,1013,0,9 10,1,55,,1007,0,9 10,1,15,,1060,0,9 10,1,15,,1015,0,9 10,1,15,,996,0,9 10,1,55,,1021,0,9 10,1,15,,1018,0,9 10,1,15,,1050,0,9 10,1,15,,1022,0,9 10,1,55,,1045,0,9 10,1,15,,993,0,9 10,1,15,,1052,0,9 10,1,15,,1047,0,9 10,1,55,,1023,0,9 10,1,15,,992,0,9 10,1,15,,1058,0,9 10,1,15,,1062,0,9 10,1,55,,1006,0,9 10,1,15,,1017,0,9 10,1,15,,1005,0,9 10,1,15,,1036,0,9 10,1,55,,1046,0,9 10,1,15,,994,0,9 10,1,15,,989,0,9 10,1,15,,1063,0,9 10,1,55,,1019,0,9 10,1,15,,1055,0,9 10,1,15,,1030,0,9 10,1,15,,1033,0,9 10,1,55,,1034,0,9 10,1,30,,1010,0,9 10,1,70,,1009,0,9 10,1,30,,999,0,9 10,1,70,,1041,0,9 10,1
60300,'4',900,,1134,0,9 10,1,15,,1113,0,9 10,1,15,,1092,0,9 10,1,15,,1086,0,9 10,1,55,,1105,0,9 10,1,15,,1106,0,9 10,1,15,,1115,0,9 10,1,15,,1091,0,9 10,1,55,,1085,0,9 10,1,15,,1138,0,9 10,1,15,,1093,0,9 10,1,15,,1074,0,9 10,1,55,,1099,0,9 10,1,15,,1096,0,9 10,1,15,,1128,0,9 10,1,15,,1100,0,9 10,1,55,,1123,0,9 10,1,15,,1071,0,9 10,1,15,,1130,0,9 10,1,15,,1125,0,9 10,1,55,,1101,0,9 10,1,15,,1070,0,9 10,1,15,,1136,0,9 10,1,15,,1140,0,9 10,1,55,,1084,0,9 10,1,15,,1095,0,9 10,1,15,,1083,0,9 10,1,15,,1114,0,9 10,1,55,,1124,0,9 10,1,15,,1072,0,9 10,1,15,,1067,0,9 10,1,15,,1141,0,9 10,1,55,,1097,0,9 10,1,15,,1133,0,9 10,1,15,,1108,0,9 10,1,15,,1111,0,9 10,1,55,,1112,0,9 10,1,30,,1088,0,9 10,1,70,,1087,0,9 10,1,30,,1077,0,9 10,1,70,,1119,0,9 10,1
60300,'8',900,,1168,0,9 10,1,30,,1171,0,9 10,1,70,,1149,0,9 10,1,30,,1148,0,9 10,1,70,,1151,0,9 10,1,30,,1157,0,9 10,1,70,,1152,0,9 10,1,30,,1165,0,9 10,1,70,,1162,0,9 10,1,30,,1155,0,9 10,1,70,,1160,0,9 10,1,30,,1163,0,9 10,1,70,,1146,0,9 10,1,30,,1178,0,9 10,1,70,,1147,0,9 10,1,30,,1161,0,9 10,1,70,,1173,0,9 10,1,30,,1175,0,9 10,1,70,,1150,0,9 10,1,30,,1158,0,9 10,1,70,,1176,0,9 10,1,30,,1153,0,9 10,1,70,,1145,0,9 10,1
60301,'11',959,,1219,4,,1,70,,1191,4,,1,30,,1199,4,,1,70,,1206,4,,1,30,,1197,4,,1,70,,1218,4,,1,30,,1211,4,,1,70,,1185,4,,1,30,,1213,4,,1,70,,1192,4,,1,30,,1207,4,,1,70,,1186,4,,1,30,,1210,4,,1,70,,1203,4,,1,30,,1204,4,,1,70,,1216,4,,1,30,,1187,4,,1,65,,1195,4,,1,30,,1190,4,,1,70,,1214,4,,1,30,,1188,4,,1,70,,1194,4,,1,30,,1196,4,,1
60301,'14',1029,,1226,4,,1,15,,1264,4,,1,15,,1285,4,,1,55,,1265,4,,1,15,,1247,4,,1,15,,1254,4,,1,15,,1225,4,,1,55,,1238,4,,1,15,,1248,4,,1,15,,1271,4,,1,15,,1281,4,,1,55,,1245,4,,1,15,,1253,4,,1,15,,1286,4,,1,15,,1243,4,,1,55,,1246,4,,1,15,,1270,4,,1,15,,1231,4,,1,15,,1268,4,,1,55,,1293,4,,1,15,,1239,4,,1,15,,1283,4,,1,15,,1276,4,,1,55,,1287,4,,1,15,,1297,4,,1,15,,1261,4,,1,15,,1269,4,,1,55,,1224,4,,1,15,,1234,4,,1,15,,1280,4,,1,15,,1241,4,,1,55,,1244,4,,1,15,,1266,4,,1,15,,1262,4,,1,15,,1294,4,,1,55,,1258,4,,1,15,,1250,4,,1,30,,1300,4,,1,70,,1292,4,,1,30,,1273,4,,1
60301,'18',959,,1337,4,,1,70,,1309,4,,1,30,,1317,4,,1,70,,1324,4,,1,30,,1315,4,,1,70,,1336,4,,1,30,,1329,4,,1,70,,1303,4,,1,30,,1331,4,,1,70,,1310,4,,1,30,,1325,4,,1,70,,1304,4,,1,30,,1328,4,,1,70,,1321,4,,1,30,,1322,4,,1,70,,1334,4,,1,30,,1305,4,,1,65,,1313,4,,1,30,,1308,4,,1,70,,1332,4,,1,30,,1306,4,,1,70,,1312,4,,1,30,,1314,4,,1
60301,'20',1029,,1344,4,,1,15,,1382,4,,1,15,,1403,4,,1,55,,1383,4,,1,15,,1365,4,,1,15,,1372,4,,1,15,,1343,4,,1,55,,1356,4,,1,15,,1366,4,,1,15,,1389,4,,1,15,,1399,4,,1,55,,1363,4,,1,15,,1371,4,,1,15,,1404,4,,1,15,,1361,4,,1,55,,1364,4,,1,15,,1388,4,,1,15,,1349,4,,1,15,,1386,4,,1,55,,1411,4,,1,15,,1357,4,,1,15,,1401,4,,1,15,,1394,4,,1,55,,1405,4,,1,15,,1415,4,,1,15,,1379,4,,1,15,,1387,4,,1,55,,1342,4,,1,15,,1352,4,,1,15,,1398,4,,1,15,,1359,4,,1,55,,1362,4,,1,15,,1384,4,,1,15,,1380,4,,1,15,,1412,4,,1,55,,1376,4,,1,15,,1397,4,,1,30,,1418,4,,1,70,,1410,4,,1,30,,1391,4,,1
60301,'4',1029,,1422,4,,1,15,,1460,4,,1,15,,1481,4,,1,55,,1461,4,,1,15,,1443,4,,1,15,,1450,4,,1,15,,1421,4,,1,55,,1434,4,,1,15,,1444,4,,1,15,,1467,4,,1,15,,1477,4,,1,55,,1441,4,,1,15,,1449,4,,1,15,,1482,4,,1,15,,1439,4,,1,55,,1442,4,,1,15,,1466,4,,1,15,,1427,4,,1,15,,1464,4,,1,55,,1489,4,,1,15,,1435,4,,1,15,,1479,4,,1,15,,1472,4,,1,55,,1483,4,,1,15,,1493,4,,1,15,,1457,4,,1,15,,1465,4,,1,55,,1420,4,,1,15,,1430,4,,1,15,,1476,4,,1,15,,1437,4,,1,55,,1440,4,,1,15,,1462,4,,1,15,,1458,4,,1,15,,1490,4,,1,55,,1454,4,,1,15,,1446,4,,1,30,,1496,4,,1,70,,1488,4,,1,30,,1469,4,,1
60301,'8',959,,1533,4,,1,70,,1505,4,,1,30,,1513,4,,1,70,,1520,4,,1,30,,1511,4,,1,70,,1532,4,,1,30,,1525,4,,1,70,,1499,4,,1,30,,1527,4,,1,70,,1506,4,,1,30,,1521,4,,1,70,,1500,4,,1,30,,1524,4,,1,70,,1517,4,,1,30,,1518,4,,1,70,,1530,4,,1,30,,1501,4,,1,65,,1509,4,,1,30,,1504,4,,1,70,,1528,4,,1,30,,1502,4,,1,70,,1508,4,,1,30,,1510,4,,1
