60300,'11',930,,830,4,,1,70,,868,4,,1,30,,840,4,,1,70,,842,4,,1,30,,853,4,,1,70,,829,4,,1,30,,863,4,,1,70,,865,4,,1,30,,858,4,,1,70,,855,4,,1,30,,856,4,,1,70,,860,4,,1,30,,852,4,,1,70,,867,4,,1,30,,845,4,,1,70,,850,4,,1,30,,866,4,,1
60300,'14',938,,924,0,9 10,1,15,,931,0,9 10,1,55,,872,0,9 10,1,15,,943,0,9 10,1,15,,935,0,9 10,1,15,,894,0,9 10,1,55,,873,0,9 10,1,15,,906,0,9 10,1,15,,911,0,9 10,1,15,,921,0,9 10,1,55,,914,0,9 10,1,15,,886,0,9 10,1,15,,908,0,9 10,1,15,,922,0,9 10,1,55,,883,0,9 10,1,15,,902,0,9 10,1,15,,946,0,9 10,1,15,,926,0,9 10,1,55,,925,0,9 10,1,15,,907,0,9 10,1,15,,882,0,9 10,1,15,,913,0,9 10,1,55,,884,0,9 10,1,15,,885,0,9 10,1,15,,877,0,9 10,1,15,,880,0,9 10,1,55,,930,0,9 10,1,15,,869,0,9 10,1,15,,936,0,9 10,1,15,,941,0,9 10,1,55,,879,0,9 10,1,15,,939,0,9 10,1,15,,920,0,9 10,1,15,,870,0,9 10,1,55,,898,0,9 10,1,15,,933,0,9 10,1,15,,893,0,9 10,1
60300,'18',930,,948,4,,1,70,,986,4,,1,30,,958,4,,1,70,,960,4,,1,30,,971,4,,1,70,,947,4,,1,30,,981,4,,1,70,,983,4,,1,30,,976,4,,1,70,,973,4,,1,30,,974,4,,1,70,,978,4,,1,30,,970,4,,1,70,,985,4,,1,30,,963,4,,1,70,,968,4,,1,30,,984,4,,1
60300,'20',938,,1042,0,9 10,1,15,,1049,0,9 10,1,55,,990,0,9 10,1,15,,1061,0,9 10,1,15,,1053,0,9 10,1,15,,1012,0,9 10,1,55,,991,0,9 10,1,15,,1024,0,9 10,1,15,,1029,0,9 10,1,15,,1039,0,9 10,1,55,,1032,0,9 10,1,15,,1004,0,9 10,1,15,,1026,0,9 10,1,15,,1040,0,9 10,1,55,,1001,0,9 10,1,15,,1020,0,9 10,1,15,,1064,0,9 10,1,15,,1044,0,9 10,1,55,,1043,0,9 10,1,15,,1025,0,9 10,1,15,,1000,0,9 10,1,15,,1031,0,9 10,1,55,,1002,0,9 10,1,15,,1003,0,9 10,1,15,,995,0,9 10,1,15,,998,0,9 10,1,55,,1048,0,9 10,1,15,,987,0,9 10,1,15,,1054,0,9 10,1,15,,1059,0,9 10,1,55,,997,0,9 10,1,15,,1057,0,9 10,1,15,,1038,0,9 10,1,15,,988,0,9 10,1,55,,1016,0,9 10,1,15,,1051,0,9 10,1,15,,1011,0,9 10,1
60300,'4',938,,1120,0,9 10,1,15,,1127,0,9 10,1,55,,1068,0,9 10,1,15,,1139,0,9 10,1,15,,1131,0,9 10,1,15,,1090,0,9 10,1,55,,1069,0,9 10,1,15,,1102,0,9 10,1,15,,1107,0,9 10,1,15,,1117,0,9 10,1,55,,1110,0,9 10,1,15,,1082,0,9 10,1,15,,1104,0,9 10,1,15,,1118,0,9 10,1,55,,1079,0,9 10,1,15,,1098,0,9 10,1,15,,1142,0,9 10,1,15,,1122,0,9 10,1,55,,1121,0,9 10,1,15,,1103,0,9 10,1,15,,1078,0,9 10,1,15,,1109,0,9 10,1,55,,1080,0,9 10,1,15,,1081,0,9 10,1,15,,1073,0,9 10,1,15,,1076,0,9 10,1,55,,1126,0,9 10,1,15,,1065,0,9 10,1,15,,1132,0,9 10,1,15,,1137,0,9 10,1,55,,1075,0,9 10,1,15,,1135,0,9 10,1,15,,1116,0,9 10,1,15,,1066,0,9 10,1,55,,1094,0,9 10,1,15,,1129,0,9 10,1,15,,1089,0,9 10,1
60300,'8',930,,1144,4,,1,70,,1182,4,,1,30,,1154,4,,1,70,,1156,4,,1,30,,1167,4,,1,70,,1143,4,,1,30,,1177,4,,1,70,,1179,4,,1,30,,1172,4,,1,70,,1169,4,,1,30,,1170,4,,1,70,,1174,4,,1,30,,1166,4,,1,70,,1181,4,,1,30,,1159,4,,1,70,,1164,4,,1,30,,1180,4,,1
60301,'11',930,,1200,0,9 12,1,70,,1193,0,9 12,1,30,,1220,0,9 12,1,70,,1202,0,9 12,1,30,,1198,0,9 12,1,70,,1222,0,9 12,1,30,,1208,0,9 12,1,70,,1221,0,9 12,1,30,,1189,0,9 12,1,70,,1215,0,9 12,1,30,,1184,0,9 12,1,70,,1201,0,9 12,1,30,,1212,0,9 12,1,70,,1205,0,9 12,1,30,,1183,0,9 12,1,70,,1209,0,9 12,1,30,,1217,0,9 12,1
60301,'14',952,,1232,0,9 12,1,55,,1242,0,9 12,1,15,,1267,0,9 12,1,15,,1255,0,9 12,1,15,,1284,0,9 12,1,55,,1260,0,9 12,1,15,,1263,0,9 12,1,15,,1278,0,9 12,1,15,,1299,0,9 12,1,55,,1275,0,9 12,1,15,,1282,0,9 12,1,15,,1235,0,9 12,1,15,,1233,0,9 12,1,55,,1259,0,9 12,1,15,,1291,0,9 12,1,15,,1289,0,9 12,1,15,,1295,0,9 12,1,55,,1230,0,9 12,1,15,,1274,0,9 12,1,15,,1252,0,9 12,1,15,,1290,0,9 12,1,55,,1240,0,9 12,1,15,,1249,0,9 12,1,15,,1237,0,9 12,1,15,,1277,0,9 12,1,55,,1296,0,9 12,1,15,,1257,0,9 12,1,15,,1298,0,9 12,1,15,,1228,0,9 12,1,55,,1236,0,9 12,1,15,,1229,0,9 12,1,15,,1223,0,9 12,1,15,,1272,0,9 12,1,55,,1256,0,9 12,1,15,,1227,0,9 12,1,15,,1251,0,9 12,1,15,,1288,0,9 12,1
60301,'18',930,,1318,0,9 12,1,70,,1311,0,9 12,1,30,,1338,0,9 12,1,70,,1320,0,9 12,1,30,,1316,0,9 12,1,70,,1340,0,9 12,1,30,,1326,0,9 12,1,70,,1339,0,9 12,1,30,,1307,0,9 12,1,70,,1333,0,9 12,1,30,,1302,0,9 12,1,70,,1319,0,9 12,1,30,,1330,0,9 12,1,70,,1323,0,9 12,1,30,,1301,0,9 12,1,70,,1327,0,9 12,1,30,,1335,0,9 12,1
60301,'20',952,,1350,0,9 12,1,55,,1360,0,9 12,1,15,,1385,0,9 12,1,15,,1373,0,9 12,1,15,,1402,0,9 12,1,55,,1378,0,9 12,1,15,,1381,0,9 12,1,15,,1396,0,9 12,1,15,,1417,0,9 12,1,55,,1393,0,9 12,1,15,,1400,0,9 12,1,15,,1353,0,9 12,1,15,,1351,0,9 12,1,55,,1377,0,9 12,1,15,,1409,0,9 12,1,15,,1407,0,9 12,1,15,,1413,0,9 12,1,55,,1348,0,9 12,1,15,,1392,0,9 12,1,15,,1370,0,9 12,1,15,,1408,0,9 12,1,55,,1358,0,9 12,1,15,,1367,0,9 12,1,15,,1355,0,9 12,1,15,,1395,0,9 12,1,55,,1414,0,9 12,1,15,,1375,0,9 12,1,15,,1416,0,9 12,1,15,,1346,0,9 12,1,55,,1354,0,9 12,1,15,,1347,0,9 12,1,15,,1341,0,9 12,1,15,,1390,0,9 12,1,55,,1374,0,9 12,1,15,,1345,0,9 12,1,15,,1369,0,9 12,1,15,,1406,0,9 12,1
60301,'4',952,,1428,0,9 12,1,55,,1438,0,9 12,1,15,,1463,0,9 12,1,15,,1451,0,9 12,1,15,,1480,0,9 12,1,55,,1456,0,9 12,1,15,,1459,0,9 12,1,15,,1474,0,9 12,1,15,,1495,0,9 12,1,55,,1471,0,9 12,1,15,,1478,0,9 12,1,15,,1431,0,9 12,1,15,,1429,0,9 12,1,55,,1455,0,9 12,1,15,,1487,0,9 12,1,15,,1485,0,9 12,1,15,,1491,0,9 12,1,55,,1426,0,9 12,1,15,,1470,0,9 12,1,15,,1448,0,9 12,1,15,,1486,0,9 12,1,55,,1436,0,9 12,1,15,,1445,0,9 12,1,15,,1433,0,9 12,1,15,,1473,0,9 12,1,55,,1492,0,9 12,1,15,,1453,0,9 12,1,15,,1494,0,9 12,1,15,,1424,0,9 12,1,55,,1432,0,9 12,1,15,,1425,0,9 12,1,15,,1419,0,9 12,1,15,,1468,0,9 12,1,55,,1452,0,9 12,1,15,,1423,0,9 12,1,15,,1447,0,9 12,1,15,,1484,0,9 12,1
60301,'8',930,,1514,0,9 12,1,70,,1507,0,9 12,1,30,,1534,0,9 12,1,70,,1516,0,9 12,1,30,,1512,0,9 12,1,70,,1536,0,9 12,1,30,,1522,0,9 12,1,70,,1535,0,9 12,1,30,,1503,0,9 12,1,70,,1529,0,9 12,1,30,,1498,0,9 12,1,70,,1515,0,9 12,1,30,,1526,0,9 12,1,70,,1519,0,9 12,1,30,,1497,0,9 12,1,70,,1523,0,9 12,1,30,,1531,0,9 12,1
