60200,8400,1,0
60200,8401,2,0
60200,8402,3,0
60200,8403,4,0
60200,8404,5,0
60200,8405,6,0
60200,8427,7,0
60200,8428,8,0
60200,8429,9,0
60200,8430,10,0
60200,8926,11,1
60201,8926,1,0
60201,8431,2,0
60201,8432,3,0
60201,8433,4,0
60201,8434,5,0
60201,6581,6,0
60201,8401,7,0
60201,8402,8,0
60201,8426,9,0
60201,8400,10,1
60300,8400,1,0
60300,8401,2,0
60300,8402,3,0
60300,8403,4,0
60300,8404,5,0
60300,8405,6,0
60300,8406,7,0
60300,8407,8,0
60300,8408,9,0
60300,8409,10,0
60300,8410,11,0
60300,8411,12,0
60300,8412,13,0
60300,8413,14,0
60300,8414,15,1
60301,8414,1,0
60301,8413,2,0
60301,8415,3,0
60301,8410,4,0
60301,8416,5,0
60301,8417,6,0
60301,8418,7,0
60301,8419,8,0
60301,8420,9,0
60301,8421,10,0
60301,8422,11,0
60301,8423,12,0
60301,8424,13,0
60301,8425,14,0
60301,8426,15,0
60301,8400,16,1
