'12',60200,212900,4,'',0,2000,4,'',0,6000,4,'',0,2000,4,'',0,2000,4,'',0,6000,4,'',0,2000,4,'',0,2000,4,'',0
'12',60201,85300,0,'Tablerock''',0,6000,0,'Tablerock''',0,2000,0,'Tablerock''',0,120200,0,'Tablerock''',0,2000,0,'Tablerock''',0,6000,0,'Tablerock''',0,2000,0,'Tablerock''',0,2000,0,'Tablerock''',0,6000,0,'Tablerock''',0
'14',60200,212900,4,'',0,2000,4,'',0,6000,4,'',0,2000,4,'',0,2000,4,'',0,6000,4,'',0,2000,4,'',0,2000,4,'',0
'14',60201,85300,0,'Tablerock''',0,6000,0,'Tablerock''',0,2000,0,'Tablerock''',0,120200,0,'Tablerock''',0,2000,0,'Tablerock''',0,6000,0,'Tablerock''',0,2000,0,'Tablerock''',0,2000,0,'Tablerock''',0,6000,0,'Tablerock''',0
'2',60200,212900,4,'',0,2000,4,'',0,6000,4,'',0,2000,4,'',0,2000,4,'',0,6000,4,'',0,2000,4,'',0,2000,4,'',0
'2',60201,85300,0,'Tablerock''',0,6000,0,'Tablerock''',0,2000,0,'Tablerock''',0,120200,0,'Tablerock''',0,2000,0,'Tablerock''',0,6000,0,'Tablerock''',0,2000,0,'Tablerock''',0,2000,0,'Tablerock''',0,6000,0,'Tablerock''',0
'5',60200,212900,4,'',0,2000,4,'',0,6000,4,'',0,2000,4,'',0,2000,4,'',0,6000,4,'',0,2000,4,'',0,2000,4,'',0
'5',60201,85300,0,'Tablerock''',0,6000,0,'Tablerock''',0,2000,0,'Tablerock''',0,120200,0,'Tablerock''',0,2000,0,'Tablerock''',0,6000,0,'Tablerock''',0,2000,0,'Tablerock''',0,2000,0,'Tablerock''',0,6000,0,'Tablerock''',0
'7',60200,212900,4,'',0,2000,4,'',0,6000,4,'',0,2000,4,'',0,2000,4,'',0,6000,4,'',0,2000,4,'',0,2000,4,'',0
'7',60201,85300,0,'Tablerock''',0,6000,0,'Tablerock''',0,2000,0,'Tablerock''',0,120200,0,'Tablerock''',0,2000,0,'Tablerock''',0,6000,0,'Tablerock''',0,2000,0,'Tablerock''',0,2000,0,'Tablerock''',0,6000,0,'Tablerock''',0
'9',60200,212900,4,'',0,2000,4,'',0,6000,4,'',0,2000,4,'',0,2000,4,'',0,6000,4,'',0,2000,4,'',0,2000,4,'',0
'9',60201,85300,0,'Tablerock''',0,6000,0,'Tablerock''',0,2000,0,'Tablerock''',0,120200,0,'Tablerock''',0,2000,0,'Tablerock''',0,6000,0,'Tablerock''',0,2000,0,'Tablerock''',0,2000,0,'Tablerock''',0,6000,0,'Tablerock''',0
