60200,'11',914,,316,10,0,5 6 2 7 8,1,100,,313,10,0,5 6 2 7 8,1,100,,321,10,0,5 6 2 7 8,1,100,,317,10,0,5 6 2 7 8,1,100,,320,10,0,5 6 2 7 8,1,100,,315,10,0,5 6 2 7 8,1,100,,319,10,0,5 6 2 7 8,1,100,,323,10,0,5 6 2 7 8,1,100,,322,10,0,5 6 2 7 8,1,100,,318,10,0,5 6 2 7 8,1,100,,314,10,0,5 6 2 7 8,1,100,,324,10,0,5 6 2 7 8,1
60200,'14',914,,347,10,0,5 6 2 7 8,1,30,,340,10,0,5 6 2 7 8,1,70,,327,10,0,5 6 2 7 8,1,30,,345,10,0,5 6 2 7 8,1,70,,330,10,0,5 6 2 7 8,1,30,,325,10,0,5 6 2 7 8,1,70,,329,10,0,5 6 2 7 8,1,30,,346,10,0,5 6 2 7 8,1,70,,338,10,0,5 6 2 7 8,1,30,,332,10,0,5 6 2 7 8,1,70,,334,10,0,5 6 2 7 8,1,30,,336,10,0,5 6 2 7 8,1,70,,344,10,0,5 6 2 7 8,1,30,,326,10,0,5 6 2 7 8,1,70,,341,10,0,5 6 2 7 8,1,30,,343,10,0,5 6 2 7 8,1,70,,335,10,0,5 6 2 7 8,1,30,,337,10,0,5 6 2 7 8,1,70,,333,10,0,5 6 2 7 8,1,30,,331,10,0,5 6 2 7 8,1,70,,342,10,0,5 6 2 7 8,1,30,,328,10,0,5 6 2 7 8,1,70,,339,10,0,5 6 2 7 8,1
60200,'18',914,,351,10,0,5 6 2 7 8,1,100,,348,10,0,5 6 2 7 8,1,100,,356,10,0,5 6 2 7 8,1,100,,352,10,0,5 6 2 7 8,1,100,,355,10,0,5 6 2 7 8,1,100,,350,10,0,5 6 2 7 8,1,100,,354,10,0,5 6 2 7 8,1,100,,358,10,0,5 6 2 7 8,1,100,,357,10,0,5 6 2 7 8,1,100,,353,10,0,5 6 2 7 8,1,100,,349,10,0,5 6 2 7 8,1,100,,359,10,0,5 6 2 7 8,1
60200,'20',914,,382,10,0,5 6 2 7 8,1,30,,375,10,0,5 6 2 7 8,1,70,,362,10,0,5 6 2 7 8,1,30,,380,10,0,5 6 2 7 8,1,70,,365,10,0,5 6 2 7 8,1,30,,360,10,0,5 6 2 7 8,1,70,,364,10,0,5 6 2 7 8,1,30,,381,10,0,5 6 2 7 8,1,70,,373,10,0,5 6 2 7 8,1,30,,367,10,0,5 6 2 7 8,1,70,,369,10,0,5 6 2 7 8,1,30,,371,10,0,5 6 2 7 8,1,70,,379,10,0,5 6 2 7 8,1,30,,361,10,0,5 6 2 7 8,1,70,,376,10,0,5 6 2 7 8,1,30,,378,10,0,5 6 2 7 8,1,70,,370,10,0,5 6 2 7 8,1,30,,372,10,0,5 6 2 7 8,1,70,,368,10,0,5 6 2 7 8,1,30,,366,10,0,5 6 2 7 8,1,70,,377,10,0,5 6 2 7 8,1,30,,363,10,0,5 6 2 7 8,1,70,,374,10,0,5 6 2 7 8,1
60200,'4',914,,405,10,0,5 6 2 7 8,1,30,,398,10,0,5 6 2 7 8,1,70,,385,10,0,5 6 2 7 8,1,30,,403,10,0,5 6 2 7 8,1,70,,388,10,0,5 6 2 7 8,1,30,,383,10,0,5 6 2 7 8,1,70,,387,10,0,5 6 2 7 8,1,30,,404,10,0,5 6 2 7 8,1,70,,396,10,0,5 6 2 7 8,1,30,,390,10,0,5 6 2 7 8,1,70,,392,10,0,5 6 2 7 8,1,30,,394,10,0,5 6 2 7 8,1,70,,402,10,0,5 6 2 7 8,1,30,,384,10,0,5 6 2 7 8,1,70,,399,10,0,5 6 2 7 8,1,30,,401,10,0,5 6 2 7 8,1,70,,393,10,0,5 6 2 7 8,1,30,,395,10,0,5 6 2 7 8,1,70,,391,10,0,5 6 2 7 8,1,30,,389,10,0,5 6 2 7 8,1,70,,400,10,0,5 6 2 7 8,1,30,,386,10,0,5 6 2 7 8,1,70,,397,10,0,5 6 2 7 8,1
60200,'8',914,,409,10,0,5 6 2 7 8,1,100,,406,10,0,5 6 2 7 8,1,100,,414,10,0,5 6 2 7 8,1,100,,410,10,0,5 6 2 7 8,1,100,,413,10,0,5 6 2 7 8,1,100,,408,10,0,5 6 2 7 8,1,100,,412,10,0,5 6 2 7 8,1,100,,416,10,0,5 6 2 7 8,1,100,,415,10,0,5 6 2 7 8,1,100,,411,10,0,5 6 2 7 8,1,100,,407,10,0,5 6 2 7 8,1,100,,417,10,0,5 6 2 7 8,1
60300,'11',914,,548,10,0,9 10,1,30,,551,10,0,9 10,1,70,,529,10,0,9 10,1,30,,528,10,0,9 10,1,70,,531,10,0,9 10,1,30,,537,10,0,9 10,1,70,,532,10,0,9 10,1,30,,545,10,0,9 10,1,70,,542,10,0,9 10,1,30,,535,10,0,9 10,1,70,,540,10,0,9 10,1,30,,543,10,0,9 10,1,70,,526,10,0,9 10,1,30,,558,10,0,9 10,1,70,,527,10,0,9 10,1,30,,541,10,0,9 10,1,70,,553,10,0,9 10,1,30,,555,10,0,9 10,1,70,,530,10,0,9 10,1,30,,538,10,0,9 10,1,70,,556,10,0,9 10,1,30,,533,10,0,9 10,1,70,,525,10,0,9 10,1
60300,'14',917,,632,10,0,9 10,1,15,,611,10,0,9 10,1,15,,590,10,0,9 10,1,55,,584,10,0,9 10,1,15,,603,10,0,9 10,1,15,,604,10,0,9 10,1,15,,613,10,0,9 10,1,55,,589,10,0,9 10,1,15,,583,10,0,9 10,1,15,,636,10,0,9 10,1,15,,591,10,0,9 10,1,55,,572,10,0,9 10,1,15,,597,10,0,9 10,1,15,,594,10,0,9 10,1,15,,626,10,0,9 10,1,55,,598,10,0,9 10,1,15,,621,10,0,9 10,1,15,,569,10,0,9 10,1,15,,628,10,0,9 10,1,55,,623,10,0,9 10,1,15,,599,10,0,9 10,1,15,,568,10,0,9 10,1,15,,634,10,0,9 10,1,55,,638,10,0,9 10,1,15,,582,10,0,9 10,1,15,,593,10,0,9 10,1,15,,581,10,0,9 10,1,55,,612,10,0,9 10,1,15,,622,10,0,9 10,1,15,,570,10,0,9 10,1,15,,565,10,0,9 10,1,55,,639,10,0,9 10,1,15,,595,10,0,9 10,1,15,,631,10,0,9 10,1,15,,606,10,0,9 10,1,55,,609,10,0,9 10,1,15,,610,10,0,9 10,1,30,,586,10,0,9 10,1,70,,585,10,0,9 10,1,30,,575,10,0,9 10,1,70,,617,10,0,9 10,1
60300,'18',914,,666,10,0,9 10,1,30,,669,10,0,9 10,1,70,,647,10,0,9 10,1,30,,646,10,0,9 10,1,70,,649,10,0,9 10,1,30,,655,10,0,9 10,1,70,,650,10,0,9 10,1,30,,663,10,0,9 10,1,70,,660,10,0,9 10,1,30,,653,10,0,9 10,1,70,,658,10,0,9 10,1,30,,661,10,0,9 10,1,70,,644,10,0,9 10,1,30,,676,10,0,9 10,1,70,,645,10,0,9 10,1,30,,659,10,0,9 10,1,70,,671,10,0,9 10,1,30,,673,10,0,9 10,1,70,,648,10,0,9 10,1,30,,656,10,0,9 10,1,70,,674,10,0,9 10,1,30,,651,10,0,9 10,1,70,,643,10,0,9 10,1
60300,'20',917,,750,10,0,9 10,1,15,,729,10,0,9 10,1,15,,708,10,0,9 10,1,55,,702,10,0,9 10,1,15,,721,10,0,9 10,1,15,,722,10,0,9 10,1,15,,731,10,0,9 10,1,55,,707,10,0,9 10,1,15,,701,10,0,9 10,1,15,,754,10,0,9 10,1,15,,709,10,0,9 10,1,55,,690,10,0,9 10,1,15,,715,10,0,9 10,1,15,,712,10,0,9 10,1,15,,744,10,0,9 10,1,55,,716,10,0,9 10,1,15,,739,10,0,9 10,1,15,,687,10,0,9 10,1,15,,746,10,0,9 10,1,55,,741,10,0,9 10,1,15,,717,10,0,9 10,1,15,,686,10,0,9 10,1,15,,752,10,0,9 10,1,55,,756,10,0,9 10,1,15,,700,10,0,9 10,1,15,,711,10,0,9 10,1,15,,699,10,0,9 10,1,55,,730,10,0,9 10,1,15,,740,10,0,9 10,1,15,,688,10,0,9 10,1,15,,683,10,0,9 10,1,55,,757,10,0,9 10,1,15,,713,10,0,9 10,1,15,,749,10,0,9 10,1,15,,724,10,0,9 10,1,55,,727,10,0,9 10,1,15,,728,10,0,9 10,1,30,,704,10,0,9 10,1,70,,703,10,0,9 10,1,30,,693,10,0,9 10,1,70,,735,10,0,9 10,1
60300,'4',917,,828,10,0,9 10,1,15,,807,10,0,9 10,1,15,,786,10,0,9 10,1,55,,780,10,0,9 10,1,15,,799,10,0,9 10,1,15,,800,10,0,9 10,1,15,,809,10,0,9 10,1,55,,785,10,0,9 10,1,15,,779,10,0,9 10,1,15,,832,10,0,9 10,1,15,,787,10,0,9 10,1,55,,768,10,0,9 10,1,15,,793,10,0,9 10,1,15,,790,10,0,9 10,1,15,,822,10,0,9 10,1,55,,794,10,0,9 10,1,15,,817,10,0,9 10,1,15,,765,10,0,9 10,1,15,,824,10,0,9 10,1,55,,819,10,0,9 10,1,15,,795,10,0,9 10,1,15,,764,10,0,9 10,1,15,,830,10,0,9 10,1,55,,834,10,0,9 10,1,15,,778,10,0,9 10,1,15,,789,10,0,9 10,1,15,,777,10,0,9 10,1,55,,808,10,0,9 10,1,15,,818,10,0,9 10,1,15,,766,10,0,9 10,1,15,,761,10,0,9 10,1,55,,835,10,0,9 10,1,15,,791,10,0,9 10,1,15,,827,10,0,9 10,1,15,,802,10,0,9 10,1,55,,805,10,0,9 10,1,15,,806,10,0,9 10,1,30,,782,10,0,9 10,1,70,,781,10,0,9 10,1,30,,771,10,0,9 10,1,70,,813,10,0,9 10,1
60300,'8',914,,862,10,0,9 10,1,30,,865,10,0,9 10,1,70,,843,10,0,9 10,1,30,,842,10,0,9 10,1,70,,845,10,0,9 10,1,30,,851,10,0,9 10,1,70,,846,10,0,9 10,1,30,,859,10,0,9 10,1,70,,856,10,0,9 10,1,30,,849,10,0,9 10,1,70,,854,10,0,9 10,1,30,,857,10,0,9 10,1,70,,840,10,0,9 10,1,30,,872,10,0,9 10,1,70,,841,10,0,9 10,1,30,,855,10,0,9 10,1,70,,867,10,0,9 10,1,30,,869,10,0,9 10,1,70,,844,10,0,9 10,1,30,,852,10,0,9 10,1,70,,870,10,0,9 10,1,30,,847,10,0,9 10,1,70,,839,10,0,9 10,1
