60200,'11',929,,622,4,,1,100,,619,4,,1,100,,627,4,,1,100,,623,4,,1,100,,626,4,,1,100,,621,4,,1,100,,625,4,,1,100,,629,4,,1,100,,628,4,,1,100,,624,4,,1,100,,620,4,,1,100,,630,4,,1
60200,'14',929,,653,4,,1,30,,646,4,,1,70,,633,4,,1,30,,651,4,,1,70,,636,4,,1,30,,631,4,,1,70,,635,4,,1,30,,652,4,,1,70,,644,4,,1,30,,638,4,,1,70,,640,4,,1,30,,642,4,,1,70,,650,4,,1,30,,632,4,,1,70,,647,4,,1,30,,649,4,,1,70,,641,4,,1,30,,643,4,,1,70,,639,4,,1,30,,637,4,,1,70,,648,4,,1,30,,634,4,,1,70,,645,4,,1
60200,'18',929,,657,4,,1,100,,654,4,,1,100,,662,4,,1,100,,658,4,,1,100,,661,4,,1,100,,656,4,,1,100,,660,4,,1,100,,664,4,,1,100,,663,4,,1,100,,659,4,,1,100,,655,4,,1,100,,665,4,,1
60200,'20',929,,688,4,,1,30,,681,4,,1,70,,668,4,,1,30,,686,4,,1,70,,671,4,,1,30,,666,4,,1,70,,670,4,,1,30,,687,4,,1,70,,679,4,,1,30,,673,4,,1,70,,675,4,,1,30,,677,4,,1,70,,685,4,,1,30,,667,4,,1,70,,682,4,,1,30,,684,4,,1,70,,676,4,,1,30,,678,4,,1,70,,674,4,,1,30,,672,4,,1,70,,683,4,,1,30,,669,4,,1,70,,680,4,,1
60200,'4',929,,711,4,,1,30,,704,4,,1,70,,691,4,,1,30,,709,4,,1,70,,694,4,,1,30,,689,4,,1,70,,693,4,,1,30,,710,4,,1,70,,702,4,,1,30,,696,4,,1,70,,698,4,,1,30,,700,4,,1,70,,708,4,,1,30,,690,4,,1,70,,705,4,,1,30,,707,4,,1,70,,699,4,,1,30,,701,4,,1,70,,697,4,,1,30,,695,4,,1,70,,706,4,,1,30,,692,4,,1,70,,703,4,,1
60200,'8',929,,715,4,,1,100,,712,4,,1,100,,720,4,,1,100,,716,4,,1,100,,719,4,,1,100,,714,4,,1,100,,718,4,,1,100,,722,4,,1,100,,721,4,,1,100,,717,4,,1,100,,713,4,,1,100,,723,4,,1
60201,'11',930,,728,0,11,1,100,,726,0,11,1,100,,735,0,11,1,100,,730,0,11,1,100,,724,0,11,1,100,,725,0,11,1,100,,732,0,11,1,100,,731,0,11,1,100,,727,0,11,1,100,,729,0,11,1,100,,733,0,11,1,100,,734,0,11,1
60201,'14',930,,744,0,11,1,70,,750,0,11,1,30,,751,0,11,1,70,,737,0,11,1,30,,740,0,11,1,70,,758,0,11,1,30,,757,0,11,1,70,,736,0,11,1,30,,739,0,11,1,70,,755,0,11,1,30,,753,0,11,1,70,,754,0,11,1,30,,756,0,11,1,70,,741,0,11,1,30,,745,0,11,1,70,,742,0,11,1,30,,738,0,11,1,70,,747,0,11,1,30,,743,0,11,1,70,,748,0,11,1,30,,746,0,11,1,70,,749,0,11,1,30,,752,0,11,1
60201,'18',930,,763,0,11,1,100,,761,0,11,1,100,,770,0,11,1,100,,765,0,11,1,100,,759,0,11,1,100,,760,0,11,1,100,,767,0,11,1,100,,766,0,11,1,100,,762,0,11,1,100,,764,0,11,1,100,,768,0,11,1,100,,769,0,11,1
60201,'20',930,,779,0,11,1,70,,785,0,11,1,30,,786,0,11,1,70,,772,0,11,1,30,,775,0,11,1,70,,793,0,11,1,30,,792,0,11,1,70,,771,0,11,1,30,,774,0,11,1,70,,790,0,11,1,30,,788,0,11,1,70,,789,0,11,1,30,,791,0,11,1,70,,776,0,11,1,30,,780,0,11,1,70,,777,0,11,1,30,,773,0,11,1,70,,782,0,11,1,30,,778,0,11,1,70,,783,0,11,1,30,,781,0,11,1,70,,784,0,11,1,30,,787,0,11,1
60201,'4',930,,802,0,11,1,70,,808,0,11,1,30,,809,0,11,1,70,,795,0,11,1,30,,798,0,11,1,70,,816,0,11,1,30,,815,0,11,1,70,,794,0,11,1,30,,797,0,11,1,70,,813,0,11,1,30,,811,0,11,1,70,,812,0,11,1,30,,814,0,11,1,70,,799,0,11,1,30,,803,0,11,1,70,,800,0,11,1,30,,796,0,11,1,70,,805,0,11,1,30,,801,0,11,1,70,,806,0,11,1,30,,804,0,11,1,70,,807,0,11,1,30,,810,0,11,1
60201,'8',930,,821,0,11,1,100,,819,0,11,1,100,,828,0,11,1,100,,823,0,11,1,100,,817,0,11,1,100,,818,0,11,1,100,,825,0,11,1,100,,824,0,11,1,100,,820,0,11,1,100,,822,0,11,1,100,,826,0,11,1,100,,827,0,11,1
