60200,'11',906,,622,0,5 6 2 7 8,1,100,,619,0,5 6 2 7 8,1,100,,627,0,5 6 2 7 8,1,100,,623,0,5 6 2 7 8,1,100,,626,0,5 6 2 7 8,1,100,,621,0,5 6 2 7 8,1,100,,625,0,5 6 2 7 8,1,100,,629,0,5 6 2 7 8,1,100,,628,0,5 6 2 7 8,1,100,,624,0,5 6 2 7 8,1,100,,620,0,5 6 2 7 8,1,100,,630,0,5 6 2 7 8,1
60200,'14',906,,653,0,5 6 2 7 8,1,30,,646,0,5 6 2 7 8,1,70,,633,0,5 6 2 7 8,1,30,,651,0,5 6 2 7 8,1,70,,636,0,5 6 2 7 8,1,30,,631,0,5 6 2 7 8,1,70,,635,0,5 6 2 7 8,1,30,,652,0,5 6 2 7 8,1,70,,644,0,5 6 2 7 8,1,30,,638,0,5 6 2 7 8,1,70,,640,0,5 6 2 7 8,1,30,,642,0,5 6 2 7 8,1,70,,650,0,5 6 2 7 8,1,30,,632,0,5 6 2 7 8,1,70,,647,0,5 6 2 7 8,1,30,,649,0,5 6 2 7 8,1,70,,641,0,5 6 2 7 8,1,30,,643,0,5 6 2 7 8,1,70,,639,0,5 6 2 7 8,1,30,,637,0,5 6 2 7 8,1,70,,648,0,5 6 2 7 8,1,30,,634,0,5 6 2 7 8,1,70,,645,0,5 6 2 7 8,1
60200,'18',906,,657,0,5 6 2 7 8,1,100,,654,0,5 6 2 7 8,1,100,,662,0,5 6 2 7 8,1,100,,658,0,5 6 2 7 8,1,100,,661,0,5 6 2 7 8,1,100,,656,0,5 6 2 7 8,1,100,,660,0,5 6 2 7 8,1,100,,664,0,5 6 2 7 8,1,100,,663,0,5 6 2 7 8,1,100,,659,0,5 6 2 7 8,1,100,,655,0,5 6 2 7 8,1,100,,665,0,5 6 2 7 8,1
60200,'20',906,,688,0,5 6 2 7 8,1,30,,681,0,5 6 2 7 8,1,70,,668,0,5 6 2 7 8,1,30,,686,0,5 6 2 7 8,1,70,,671,0,5 6 2 7 8,1,30,,666,0,5 6 2 7 8,1,70,,670,0,5 6 2 7 8,1,30,,687,0,5 6 2 7 8,1,70,,679,0,5 6 2 7 8,1,30,,673,0,5 6 2 7 8,1,70,,675,0,5 6 2 7 8,1,30,,677,0,5 6 2 7 8,1,70,,685,0,5 6 2 7 8,1,30,,667,0,5 6 2 7 8,1,70,,682,0,5 6 2 7 8,1,30,,684,0,5 6 2 7 8,1,70,,676,0,5 6 2 7 8,1,30,,678,0,5 6 2 7 8,1,70,,674,0,5 6 2 7 8,1,30,,672,0,5 6 2 7 8,1,70,,683,0,5 6 2 7 8,1,30,,669,0,5 6 2 7 8,1,70,,680,0,5 6 2 7 8,1
60200,'4',906,,711,0,5 6 2 7 8,1,30,,704,0,5 6 2 7 8,1,70,,691,0,5 6 2 7 8,1,30,,709,0,5 6 2 7 8,1,70,,694,0,5 6 2 7 8,1,30,,689,0,5 6 2 7 8,1,70,,693,0,5 6 2 7 8,1,30,,710,0,5 6 2 7 8,1,70,,702,0,5 6 2 7 8,1,30,,696,0,5 6 2 7 8,1,70,,698,0,5 6 2 7 8,1,30,,700,0,5 6 2 7 8,1,70,,708,0,5 6 2 7 8,1,30,,690,0,5 6 2 7 8,1,70,,705,0,5 6 2 7 8,1,30,,707,0,5 6 2 7 8,1,70,,699,0,5 6 2 7 8,1,30,,701,0,5 6 2 7 8,1,70,,697,0,5 6 2 7 8,1,30,,695,0,5 6 2 7 8,1,70,,706,0,5 6 2 7 8,1,30,,692,0,5 6 2 7 8,1,70,,703,0,5 6 2 7 8,1
60200,'8',906,,715,0,5 6 2 7 8,1,100,,712,0,5 6 2 7 8,1,100,,720,0,5 6 2 7 8,1,100,,716,0,5 6 2 7 8,1,100,,719,0,5 6 2 7 8,1,100,,714,0,5 6 2 7 8,1,100,,718,0,5 6 2 7 8,1,100,,722,0,5 6 2 7 8,1,100,,721,0,5 6 2 7 8,1,100,,717,0,5 6 2 7 8,1,100,,713,0,5 6 2 7 8,1,100,,723,0,5 6 2 7 8,1
60201,'11',955,,728,0,11,1,100,,726,0,11,1,100,,735,0,11,1,100,,730,0,11,1,100,,724,0,11,1,100,,725,0,11,1,100,,732,0,11,1,100,,731,0,11,1,100,,727,0,11,1,100,,729,0,11,1,100,,733,0,11,1,100,,734,0,11,1
60201,'14',955,,744,0,11,1,70,,750,0,11,1,30,,751,0,11,1,70,,737,0,11,1,30,,740,0,11,1,70,,758,0,11,1,30,,757,0,11,1,70,,736,0,11,1,30,,739,0,11,1,70,,755,0,11,1,30,,753,0,11,1,70,,754,0,11,1,30,,756,0,11,1,70,,741,0,11,1,30,,745,0,11,1,70,,742,0,11,1,30,,738,0,11,1,70,,747,0,11,1,30,,743,0,11,1,70,,748,0,11,1,30,,746,0,11,1,70,,749,0,11,1,30,,752,0,11,1
60201,'18',955,,763,0,11,1,100,,761,0,11,1,100,,770,0,11,1,100,,765,0,11,1,100,,759,0,11,1,100,,760,0,11,1,100,,767,0,11,1,100,,766,0,11,1,100,,762,0,11,1,100,,764,0,11,1,100,,768,0,11,1,100,,769,0,11,1
60201,'20',955,,779,0,11,1,70,,785,0,11,1,30,,786,0,11,1,70,,772,0,11,1,30,,775,0,11,1,70,,793,0,11,1,30,,792,0,11,1,70,,771,0,11,1,30,,774,0,11,1,70,,790,0,11,1,30,,788,0,11,1,70,,789,0,11,1,30,,791,0,11,1,70,,776,0,11,1,30,,780,0,11,1,70,,777,0,11,1,30,,773,0,11,1,70,,782,0,11,1,30,,778,0,11,1,70,,783,0,11,1,30,,781,0,11,1,70,,784,0,11,1,30,,787,0,11,1
60201,'4',955,,802,0,11,1,70,,808,0,11,1,30,,809,0,11,1,70,,795,0,11,1,30,,798,0,11,1,70,,816,0,11,1,30,,815,0,11,1,70,,794,0,11,1,30,,797,0,11,1,70,,813,0,11,1,30,,811,0,11,1,70,,812,0,11,1,30,,814,0,11,1,70,,799,0,11,1,30,,803,0,11,1,70,,800,0,11,1,30,,796,0,11,1,70,,805,0,11,1,30,,801,0,11,1,70,,806,0,11,1,30,,804,0,11,1,70,,807,0,11,1,30,,810,0,11,1
60201,'8',955,,821,0,11,1,100,,819,0,11,1,100,,828,0,11,1,100,,823,0,11,1,100,,817,0,11,1,100,,818,0,11,1,100,,825,0,11,1,100,,824,0,11,1,100,,820,0,11,1,100,,822,0,11,1,100,,826,0,11,1,100,,827,0,11,1
60300,'11',905,,854,0,9 10,1,30,,857,0,9 10,1,70,,835,0,9 10,1,30,,834,0,9 10,1,70,,837,0,9 10,1,30,,843,0,9 10,1,70,,838,0,9 10,1,30,,851,0,9 10,1,70,,848,0,9 10,1,30,,841,0,9 10,1,70,,846,0,9 10,1,30,,849,0,9 10,1,70,,832,0,9 10,1,30,,864,0,9 10,1,70,,833,0,9 10,1,30,,847,0,9 10,1,70,,859,0,9 10,1,30,,861,0,9 10,1,70,,836,0,9 10,1,30,,844,0,9 10,1,70,,862,0,9 10,1,30,,839,0,9 10,1,70,,831,0,9 10,1
60300,'14',907,,938,0,9 10,1,15,,917,0,9 10,1,15,,896,0,9 10,1,15,,890,0,9 10,1,55,,909,0,9 10,1,15,,910,0,9 10,1,15,,919,0,9 10,1,15,,895,0,9 10,1,55,,889,0,9 10,1,15,,942,0,9 10,1,15,,897,0,9 10,1,15,,878,0,9 10,1,55,,903,0,9 10,1,15,,900,0,9 10,1,15,,932,0,9 10,1,15,,904,0,9 10,1,55,,927,0,9 10,1,15,,875,0,9 10,1,15,,934,0,9 10,1,15,,929,0,9 10,1,55,,905,0,9 10,1,15,,874,0,9 10,1,15,,940,0,9 10,1,15,,944,0,9 10,1,55,,888,0,9 10,1,15,,899,0,9 10,1,15,,887,0,9 10,1,15,,918,0,9 10,1,55,,928,0,9 10,1,15,,876,0,9 10,1,15,,871,0,9 10,1,15,,945,0,9 10,1,55,,901,0,9 10,1,15,,937,0,9 10,1,15,,912,0,9 10,1,15,,915,0,9 10,1,55,,916,0,9 10,1,30,,892,0,9 10,1,70,,891,0,9 10,1,30,,881,0,9 10,1,70,,923,0,9 10,1
60300,'18',905,,972,0,9 10,1,30,,975,0,9 10,1,70,,953,0,9 10,1,30,,952,0,9 10,1,70,,955,0,9 10,1,30,,961,0,9 10,1,70,,956,0,9 10,1,30,,969,0,9 10,1,70,,966,0,9 10,1,30,,959,0,9 10,1,70,,964,0,9 10,1,30,,967,0,9 10,1,70,,950,0,9 10,1,30,,982,0,9 10,1,70,,951,0,9 10,1,30,,965,0,9 10,1,70,,977,0,9 10,1,30,,979,0,9 10,1,70,,954,0,9 10,1,30,,962,0,9 10,1,70,,980,0,9 10,1,30,,957,0,9 10,1,70,,949,0,9 10,1
60300,'20',907,,1056,0,9 10,1,15,,1035,0,9 10,1,15,,1014,0,9 10,1,15,,1008,0,9 10,1,55,,1027,0,9 10,1,15,,1028,0,9 10,1,15,,1037,0,9 10,1,15,,1013,0,9 10,1,55,,1007,0,9 10,1,15,,1060,0,9 10,1,15,,1015,0,9 10,1,15,,996,0,9 10,1,55,,1021,0,9 10,1,15,,1018,0,9 10,1,15,,1050,0,9 10,1,15,,1022,0,9 10,1,55,,1045,0,9 10,1,15,,993,0,9 10,1,15,,1052,0,9 10,1,15,,1047,0,9 10,1,55,,1023,0,9 10,1,15,,992,0,9 10,1,15,,1058,0,9 10,1,15,,1062,0,9 10,1,55,,1006,0,9 10,1,15,,1017,0,9 10,1,15,,1005,0,9 10,1,15,,1036,0,9 10,1,55,,1046,0,9 10,1,15,,994,0,9 10,1,15,,989,0,9 10,1,15,,1063,0,9 10,1,55,,1019,0,9 10,1,15,,1055,0,9 10,1,15,,1030,0,9 10,1,15,,1033,0,9 10,1,55,,1034,0,9 10,1,30,,1010,0,9 10,1,70,,1009,0,9 10,1,30,,999,0,9 10,1,70,,1041,0,9 10,1
60300,'4',907,,1134,0,9 10,1,15,,1113,0,9 10,1,15,,1092,0,9 10,1,15,,1086,0,9 10,1,55,,1105,0,9 10,1,15,,1106,0,9 10,1,15,,1115,0,9 10,1,15,,1091,0,9 10,1,55,,1085,0,9 10,1,15,,1138,0,9 10,1,15,,1093,0,9 10,1,15,,1074,0,9 10,1,55,,1099,0,9 10,1,15,,1096,0,9 10,1,15,,1128,0,9 10,1,15,,1100,0,9 10,1,55,,1123,0,9 10,1,15,,1071,0,9 10,1,15,,1130,0,9 10,1,15,,1125,0,9 10,1,55,,1101,0,9 10,1,15,,1070,0,9 10,1,15,,1136,0,9 10,1,15,,1140,0,9 10,1,55,,1084,0,9 10,1,15,,1095,0,9 10,1,15,,1083,0,9 10,1,15,,1114,0,9 10,1,55,,1124,0,9 10,1,15,,1072,0,9 10,1,15,,1067,0,9 10,1,15,,1141,0,9 10,1,55,,1097,0,9 10,1,15,,1133,0,9 10,1,15,,1108,0,9 10,1,15,,1111,0,9 10,1,55,,1112,0,9 10,1,30,,1088,0,9 10,1,70,,1087,0,9 10,1,30,,1077,0,9 10,1,70,,1119,0,9 10,1
60300,'8',905,,1168,0,9 10,1,30,,1171,0,9 10,1,70,,1149,0,9 10,1,30,,1148,0,9 10,1,70,,1151,0,9 10,1,30,,1157,0,9 10,1,70,,1152,0,9 10,1,30,,1165,0,9 10,1,70,,1162,0,9 10,1,30,,1155,0,9 10,1,70,,1160,0,9 10,1,30,,1163,0,9 10,1,70,,1146,0,9 10,1,30,,1178,0,9 10,1,70,,1147,0,9 10,1,30,,1161,0,9 10,1,70,,1173,0,9 10,1,30,,1175,0,9 10,1,70,,1150,0,9 10,1,30,,1158,0,9 10,1,70,,1176,0,9 10,1,30,,1153,0,9 10,1,70,,1145,0,9 10,1
