60201,'11',957,,728,0,11,1,100,,726,0,11,1,100,,735,0,11,1,100,,730,0,11,1,100,,724,0,11,1,100,,725,0,11,1,100,,732,0,11,1,100,,731,0,11,1,100,,727,0,11,1,100,,729,0,11,1,100,,733,0,11,1,100,,734,0,11,1
60201,'14',957,,744,0,11,1,70,,750,0,11,1,30,,751,0,11,1,70,,737,0,11,1,30,,740,0,11,1,70,,758,0,11,1,30,,757,0,11,1,70,,736,0,11,1,30,,739,0,11,1,70,,755,0,11,1,30,,753,0,11,1,70,,754,0,11,1,30,,756,0,11,1,70,,741,0,11,1,30,,745,0,11,1,70,,742,0,11,1,30,,738,0,11,1,70,,747,0,11,1,30,,743,0,11,1,70,,748,0,11,1,30,,746,0,11,1,70,,749,0,11,1,30,,752,0,11,1
60201,'18',957,,763,0,11,1,100,,761,0,11,1,100,,770,0,11,1,100,,765,0,11,1,100,,759,0,11,1,100,,760,0,11,1,100,,767,0,11,1,100,,766,0,11,1,100,,762,0,11,1,100,,764,0,11,1,100,,768,0,11,1,100,,769,0,11,1
60201,'20',957,,779,0,11,1,70,,785,0,11,1,30,,786,0,11,1,70,,772,0,11,1,30,,775,0,11,1,70,,793,0,11,1,30,,792,0,11,1,70,,771,0,11,1,30,,774,0,11,1,70,,790,0,11,1,30,,788,0,11,1,70,,789,0,11,1,30,,791,0,11,1,70,,776,0,11,1,30,,780,0,11,1,70,,777,0,11,1,30,,773,0,11,1,70,,782,0,11,1,30,,778,0,11,1,70,,783,0,11,1,30,,781,0,11,1,70,,784,0,11,1,30,,787,0,11,1
60201,'4',957,,802,0,11,1,70,,808,0,11,1,30,,809,0,11,1,70,,795,0,11,1,30,,798,0,11,1,70,,816,0,11,1,30,,815,0,11,1,70,,794,0,11,1,30,,797,0,11,1,70,,813,0,11,1,30,,811,0,11,1,70,,812,0,11,1,30,,814,0,11,1,70,,799,0,11,1,30,,803,0,11,1,70,,800,0,11,1,30,,796,0,11,1,70,,805,0,11,1,30,,801,0,11,1,70,,806,0,11,1,30,,804,0,11,1,70,,807,0,11,1,30,,810,0,11,1
60201,'8',957,,821,0,11,1,100,,819,0,11,1,100,,828,0,11,1,100,,823,0,11,1,100,,817,0,11,1,100,,818,0,11,1,100,,825,0,11,1,100,,824,0,11,1,100,,820,0,11,1,100,,822,0,11,1,100,,826,0,11,1,100,,827,0,11,1
60301,'11',958,,1219,0,9 12,1,70,,1191,0,9 12,1,30,,1199,0,9 12,1,70,,1206,0,9 12,1,30,,1197,0,9 12,1,70,,1218,0,9 12,1,30,,1211,0,9 12,1,70,,1185,0,9 12,1,30,,1213,0,9 12,1,70,,1192,0,9 12,1,30,,1207,0,9 12,1,70,,1186,0,9 12,1,30,,1210,0,9 12,1,70,,1203,0,9 12,1,30,,1204,0,9 12,1,70,,1216,0,9 12,1,30,,1187,0,9 12,1,65,,1195,0,9 12,1,30,,1190,0,9 12,1,70,,1214,0,9 12,1,30,,1188,0,9 12,1,70,,1194,0,9 12,1,30,,1196,0,9 12,1
60301,'14',1028,,1226,0,9 12,1,15,,1264,0,9 12,1,15,,1285,0,9 12,1,55,,1265,0,9 12,1,15,,1247,0,9 12,1,15,,1254,0,9 12,1,15,,1225,0,9 12,1,55,,1238,0,9 12,1,15,,1248,0,9 12,1,15,,1271,0,9 12,1,15,,1281,0,9 12,1,55,,1245,0,9 12,1,15,,1253,0,9 12,1,15,,1286,0,9 12,1,15,,1243,0,9 12,1,55,,1246,0,9 12,1,15,,1270,0,9 12,1,15,,1231,0,9 12,1,15,,1268,0,9 12,1,55,,1293,0,9 12,1,15,,1239,0,9 12,1,15,,1283,0,9 12,1,15,,1276,0,9 12,1,55,,1287,0,9 12,1,15,,1297,0,9 12,1,15,,1261,0,9 12,1,15,,1269,0,9 12,1,55,,1224,0,9 12,1,15,,1234,0,9 12,1,15,,1280,0,9 12,1,15,,1241,0,9 12,1,55,,1244,0,9 12,1,15,,1266,0,9 12,1,15,,1262,0,9 12,1,15,,1294,0,9 12,1,55,,1258,0,9 12,1,15,,1250,0,9 12,1,30,,1300,0,9 12,1,70,,1292,0,9 12,1,30,,1273,0,9 12,1
60301,'18',958,,1337,0,9 12,1,70,,1309,0,9 12,1,30,,1317,0,9 12,1,70,,1324,0,9 12,1,30,,1315,0,9 12,1,70,,1336,0,9 12,1,30,,1329,0,9 12,1,70,,1303,0,9 12,1,30,,1331,0,9 12,1,70,,1310,0,9 12,1,30,,1325,0,9 12,1,70,,1304,0,9 12,1,30,,1328,0,9 12,1,70,,1321,0,9 12,1,30,,1322,0,9 12,1,70,,1334,0,9 12,1,30,,1305,0,9 12,1,65,,1313,0,9 12,1,30,,1308,0,9 12,1,70,,1332,0,9 12,1,30,,1306,0,9 12,1,70,,1312,0,9 12,1,30,,1314,0,9 12,1
60301,'20',1028,,1344,0,9 12,1,15,,1382,0,9 12,1,15,,1403,0,9 12,1,55,,1383,0,9 12,1,15,,1365,0,9 12,1,15,,1372,0,9 12,1,15,,1343,0,9 12,1,55,,1356,0,9 12,1,15,,1366,0,9 12,1,15,,1389,0,9 12,1,15,,1399,0,9 12,1,55,,1363,0,9 12,1,15,,1371,0,9 12,1,15,,1404,0,9 12,1,15,,1361,0,9 12,1,55,,1364,0,9 12,1,15,,1388,0,9 12,1,15,,1349,0,9 12,1,15,,1386,0,9 12,1,55,,1411,0,9 12,1,15,,1357,0,9 12,1,15,,1401,0,9 12,1,15,,1394,0,9 12,1,55,,1405,0,9 12,1,15,,1415,0,9 12,1,15,,1379,0,9 12,1,15,,1387,0,9 12,1,55,,1342,0,9 12,1,15,,1352,0,9 12,1,15,,1398,0,9 12,1,15,,1359,0,9 12,1,55,,1362,0,9 12,1,15,,1384,0,9 12,1,15,,1380,0,9 12,1,15,,1412,0,9 12,1,55,,1376,0,9 12,1,15,,1397,0,9 12,1,30,,1418,0,9 12,1,70,,1410,0,9 12,1,30,,1391,0,9 12,1
60301,'4',1028,,1422,0,9 12,1,15,,1460,0,9 12,1,15,,1481,0,9 12,1,55,,1461,0,9 12,1,15,,1443,0,9 12,1,15,,1450,0,9 12,1,15,,1421,0,9 12,1,55,,1434,0,9 12,1,15,,1444,0,9 12,1,15,,1467,0,9 12,1,15,,1477,0,9 12,1,55,,1441,0,9 12,1,15,,1449,0,9 12,1,15,,1482,0,9 12,1,15,,1439,0,9 12,1,55,,1442,0,9 12,1,15,,1466,0,9 12,1,15,,1427,0,9 12,1,15,,1464,0,9 12,1,55,,1489,0,9 12,1,15,,1435,0,9 12,1,15,,1479,0,9 12,1,15,,1472,0,9 12,1,55,,1483,0,9 12,1,15,,1493,0,9 12,1,15,,1457,0,9 12,1,15,,1465,0,9 12,1,55,,1420,0,9 12,1,15,,1430,0,9 12,1,15,,1476,0,9 12,1,15,,1437,0,9 12,1,55,,1440,0,9 12,1,15,,1462,0,9 12,1,15,,1458,0,9 12,1,15,,1490,0,9 12,1,55,,1454,0,9 12,1,15,,1446,0,9 12,1,30,,1496,0,9 12,1,70,,1488,0,9 12,1,30,,1469,0,9 12,1
60301,'8',958,,1533,0,9 12,1,70,,1505,0,9 12,1,30,,1513,0,9 12,1,70,,1520,0,9 12,1,30,,1511,0,9 12,1,70,,1532,0,9 12,1,30,,1525,0,9 12,1,70,,1499,0,9 12,1,30,,1527,0,9 12,1,70,,1506,0,9 12,1,30,,1521,0,9 12,1,70,,1500,0,9 12,1,30,,1524,0,9 12,1,70,,1517,0,9 12,1,30,,1518,0,9 12,1,70,,1530,0,9 12,1,30,,1501,0,9 12,1,65,,1509,0,9 12,1,30,,1504,0,9 12,1,70,,1528,0,9 12,1,30,,1502,0,9 12,1,70,,1508,0,9 12,1,30,,1510,0,9 12,1
