60200,'11',911,,316,9,0,5 6 2 7 8,1,100,,313,9,0,5 6 2 7 8,1,100,,321,9,0,5 6 2 7 8,1,100,,317,9,0,5 6 2 7 8,1,100,,320,9,0,5 6 2 7 8,1,100,,315,9,0,5 6 2 7 8,1,100,,319,9,0,5 6 2 7 8,1,100,,323,9,0,5 6 2 7 8,1,100,,322,9,0,5 6 2 7 8,1,100,,318,9,0,5 6 2 7 8,1,100,,314,9,0,5 6 2 7 8,1,100,,324,9,0,5 6 2 7 8,1
60200,'14',911,,347,9,0,5 6 2 7 8,1,30,,340,9,0,5 6 2 7 8,1,70,,327,9,0,5 6 2 7 8,1,30,,345,9,0,5 6 2 7 8,1,70,,330,9,0,5 6 2 7 8,1,30,,325,9,0,5 6 2 7 8,1,70,,329,9,0,5 6 2 7 8,1,30,,346,9,0,5 6 2 7 8,1,70,,338,9,0,5 6 2 7 8,1,30,,332,9,0,5 6 2 7 8,1,70,,334,9,0,5 6 2 7 8,1,30,,336,9,0,5 6 2 7 8,1,70,,344,9,0,5 6 2 7 8,1,30,,326,9,0,5 6 2 7 8,1,70,,341,9,0,5 6 2 7 8,1,30,,343,9,0,5 6 2 7 8,1,70,,335,9,0,5 6 2 7 8,1,30,,337,9,0,5 6 2 7 8,1,70,,333,9,0,5 6 2 7 8,1,30,,331,9,0,5 6 2 7 8,1,70,,342,9,0,5 6 2 7 8,1,30,,328,9,0,5 6 2 7 8,1,70,,339,9,0,5 6 2 7 8,1
60200,'18',911,,351,9,0,5 6 2 7 8,1,100,,348,9,0,5 6 2 7 8,1,100,,356,9,0,5 6 2 7 8,1,100,,352,9,0,5 6 2 7 8,1,100,,355,9,0,5 6 2 7 8,1,100,,350,9,0,5 6 2 7 8,1,100,,354,9,0,5 6 2 7 8,1,100,,358,9,0,5 6 2 7 8,1,100,,357,9,0,5 6 2 7 8,1,100,,353,9,0,5 6 2 7 8,1,100,,349,9,0,5 6 2 7 8,1,100,,359,9,0,5 6 2 7 8,1
60200,'20',911,,382,9,0,5 6 2 7 8,1,30,,375,9,0,5 6 2 7 8,1,70,,362,9,0,5 6 2 7 8,1,30,,380,9,0,5 6 2 7 8,1,70,,365,9,0,5 6 2 7 8,1,30,,360,9,0,5 6 2 7 8,1,70,,364,9,0,5 6 2 7 8,1,30,,381,9,0,5 6 2 7 8,1,70,,373,9,0,5 6 2 7 8,1,30,,367,9,0,5 6 2 7 8,1,70,,369,9,0,5 6 2 7 8,1,30,,371,9,0,5 6 2 7 8,1,70,,379,9,0,5 6 2 7 8,1,30,,361,9,0,5 6 2 7 8,1,70,,376,9,0,5 6 2 7 8,1,30,,378,9,0,5 6 2 7 8,1,70,,370,9,0,5 6 2 7 8,1,30,,372,9,0,5 6 2 7 8,1,70,,368,9,0,5 6 2 7 8,1,30,,366,9,0,5 6 2 7 8,1,70,,377,9,0,5 6 2 7 8,1,30,,363,9,0,5 6 2 7 8,1,70,,374,9,0,5 6 2 7 8,1
60200,'4',911,,405,9,0,5 6 2 7 8,1,30,,398,9,0,5 6 2 7 8,1,70,,385,9,0,5 6 2 7 8,1,30,,403,9,0,5 6 2 7 8,1,70,,388,9,0,5 6 2 7 8,1,30,,383,9,0,5 6 2 7 8,1,70,,387,9,0,5 6 2 7 8,1,30,,404,9,0,5 6 2 7 8,1,70,,396,9,0,5 6 2 7 8,1,30,,390,9,0,5 6 2 7 8,1,70,,392,9,0,5 6 2 7 8,1,30,,394,9,0,5 6 2 7 8,1,70,,402,9,0,5 6 2 7 8,1,30,,384,9,0,5 6 2 7 8,1,70,,399,9,0,5 6 2 7 8,1,30,,401,9,0,5 6 2 7 8,1,70,,393,9,0,5 6 2 7 8,1,30,,395,9,0,5 6 2 7 8,1,70,,391,9,0,5 6 2 7 8,1,30,,389,9,0,5 6 2 7 8,1,70,,400,9,0,5 6 2 7 8,1,30,,386,9,0,5 6 2 7 8,1,70,,397,9,0,5 6 2 7 8,1
60200,'8',911,,409,9,0,5 6 2 7 8,1,100,,406,9,0,5 6 2 7 8,1,100,,414,9,0,5 6 2 7 8,1,100,,410,9,0,5 6 2 7 8,1,100,,413,9,0,5 6 2 7 8,1,100,,408,9,0,5 6 2 7 8,1,100,,412,9,0,5 6 2 7 8,1,100,,416,9,0,5 6 2 7 8,1,100,,415,9,0,5 6 2 7 8,1,100,,411,9,0,5 6 2 7 8,1,100,,407,9,0,5 6 2 7 8,1,100,,417,9,0,5 6 2 7 8,1
60300,'11',913,,548,9,0,9 10,1,30,,551,9,0,9 10,1,70,,529,9,0,9 10,1,30,,528,9,0,9 10,1,70,,531,9,0,9 10,1,30,,537,9,0,9 10,1,70,,532,9,0,9 10,1,30,,545,9,0,9 10,1,70,,542,9,0,9 10,1,30,,535,9,0,9 10,1,70,,540,9,0,9 10,1,30,,543,9,0,9 10,1,70,,526,9,0,9 10,1,30,,558,9,0,9 10,1,70,,527,9,0,9 10,1,30,,541,9,0,9 10,1,70,,553,9,0,9 10,1,30,,555,9,0,9 10,1,70,,530,9,0,9 10,1,30,,538,9,0,9 10,1,70,,556,9,0,9 10,1,30,,533,9,0,9 10,1,70,,525,9,0,9 10,1
60300,'14',912,,632,9,0,9 10,1,15,,611,9,0,9 10,1,15,,590,9,0,9 10,1,15,,584,9,0,9 10,1,55,,603,9,0,9 10,1,15,,604,9,0,9 10,1,15,,613,9,0,9 10,1,15,,589,9,0,9 10,1,55,,583,9,0,9 10,1,15,,636,9,0,9 10,1,15,,591,9,0,9 10,1,15,,572,9,0,9 10,1,55,,597,9,0,9 10,1,15,,594,9,0,9 10,1,15,,626,9,0,9 10,1,15,,598,9,0,9 10,1,55,,621,9,0,9 10,1,15,,569,9,0,9 10,1,15,,628,9,0,9 10,1,15,,623,9,0,9 10,1,55,,599,9,0,9 10,1,15,,568,9,0,9 10,1,15,,634,9,0,9 10,1,15,,638,9,0,9 10,1,55,,582,9,0,9 10,1,15,,593,9,0,9 10,1,15,,581,9,0,9 10,1,15,,612,9,0,9 10,1,55,,622,9,0,9 10,1,15,,570,9,0,9 10,1,15,,565,9,0,9 10,1,15,,639,9,0,9 10,1,55,,595,9,0,9 10,1,15,,631,9,0,9 10,1,15,,606,9,0,9 10,1,15,,609,9,0,9 10,1,55,,610,9,0,9 10,1,30,,586,9,0,9 10,1,70,,585,9,0,9 10,1,30,,575,9,0,9 10,1,70,,617,9,0,9 10,1
60300,'18',913,,666,9,0,9 10,1,30,,669,9,0,9 10,1,70,,647,9,0,9 10,1,30,,646,9,0,9 10,1,70,,649,9,0,9 10,1,30,,655,9,0,9 10,1,70,,650,9,0,9 10,1,30,,663,9,0,9 10,1,70,,660,9,0,9 10,1,30,,653,9,0,9 10,1,70,,658,9,0,9 10,1,30,,661,9,0,9 10,1,70,,644,9,0,9 10,1,30,,676,9,0,9 10,1,70,,645,9,0,9 10,1,30,,659,9,0,9 10,1,70,,671,9,0,9 10,1,30,,673,9,0,9 10,1,70,,648,9,0,9 10,1,30,,656,9,0,9 10,1,70,,674,9,0,9 10,1,30,,651,9,0,9 10,1,70,,643,9,0,9 10,1
60300,'20',912,,750,9,0,9 10,1,15,,729,9,0,9 10,1,15,,708,9,0,9 10,1,15,,702,9,0,9 10,1,55,,721,9,0,9 10,1,15,,722,9,0,9 10,1,15,,731,9,0,9 10,1,15,,707,9,0,9 10,1,55,,701,9,0,9 10,1,15,,754,9,0,9 10,1,15,,709,9,0,9 10,1,15,,690,9,0,9 10,1,55,,715,9,0,9 10,1,15,,712,9,0,9 10,1,15,,744,9,0,9 10,1,15,,716,9,0,9 10,1,55,,739,9,0,9 10,1,15,,687,9,0,9 10,1,15,,746,9,0,9 10,1,15,,741,9,0,9 10,1,55,,717,9,0,9 10,1,15,,686,9,0,9 10,1,15,,752,9,0,9 10,1,15,,756,9,0,9 10,1,55,,700,9,0,9 10,1,15,,711,9,0,9 10,1,15,,699,9,0,9 10,1,15,,730,9,0,9 10,1,55,,740,9,0,9 10,1,15,,688,9,0,9 10,1,15,,683,9,0,9 10,1,15,,757,9,0,9 10,1,55,,713,9,0,9 10,1,15,,749,9,0,9 10,1,15,,724,9,0,9 10,1,15,,727,9,0,9 10,1,55,,728,9,0,9 10,1,30,,704,9,0,9 10,1,70,,703,9,0,9 10,1,30,,693,9,0,9 10,1,70,,735,9,0,9 10,1
60300,'4',912,,828,9,0,9 10,1,15,,807,9,0,9 10,1,15,,786,9,0,9 10,1,15,,780,9,0,9 10,1,55,,799,9,0,9 10,1,15,,800,9,0,9 10,1,15,,809,9,0,9 10,1,15,,785,9,0,9 10,1,55,,779,9,0,9 10,1,15,,832,9,0,9 10,1,15,,787,9,0,9 10,1,15,,768,9,0,9 10,1,55,,793,9,0,9 10,1,15,,790,9,0,9 10,1,15,,822,9,0,9 10,1,15,,794,9,0,9 10,1,55,,817,9,0,9 10,1,15,,765,9,0,9 10,1,15,,824,9,0,9 10,1,15,,819,9,0,9 10,1,55,,795,9,0,9 10,1,15,,764,9,0,9 10,1,15,,830,9,0,9 10,1,15,,834,9,0,9 10,1,55,,778,9,0,9 10,1,15,,789,9,0,9 10,1,15,,777,9,0,9 10,1,15,,808,9,0,9 10,1,55,,818,9,0,9 10,1,15,,766,9,0,9 10,1,15,,761,9,0,9 10,1,15,,835,9,0,9 10,1,55,,791,9,0,9 10,1,15,,827,9,0,9 10,1,15,,802,9,0,9 10,1,15,,805,9,0,9 10,1,55,,806,9,0,9 10,1,30,,782,9,0,9 10,1,70,,781,9,0,9 10,1,30,,771,9,0,9 10,1,70,,813,9,0,9 10,1
60300,'8',913,,862,9,0,9 10,1,30,,865,9,0,9 10,1,70,,843,9,0,9 10,1,30,,842,9,0,9 10,1,70,,845,9,0,9 10,1,30,,851,9,0,9 10,1,70,,846,9,0,9 10,1,30,,859,9,0,9 10,1,70,,856,9,0,9 10,1,30,,849,9,0,9 10,1,70,,854,9,0,9 10,1,30,,857,9,0,9 10,1,70,,840,9,0,9 10,1,30,,872,9,0,9 10,1,70,,841,9,0,9 10,1,30,,855,9,0,9 10,1,70,,867,9,0,9 10,1,30,,869,9,0,9 10,1,70,,844,9,0,9 10,1,30,,852,9,0,9 10,1,70,,870,9,0,9 10,1,30,,847,9,0,9 10,1,70,,839,9,0,9 10,1
