60200,'13',900,,1,1,0,5 6 2 7 8,1,100,,2,1,0,5 6 2 7 8,1,100,,11,1,0,5 6 2 7 8,1,100,,3,1,0,5 6 2 7 8,1,100,,5,1,0,5 6 2 7 8,1,100,,9,1,0,5 6 2 7 8,1,100,,12,1,0,5 6 2 7 8,1,100,,8,1,0,5 6 2 7 8,1,100,,4,1,0,5 6 2 7 8,1,100,,7,1,0,5 6 2 7 8,1,100,,10,1,0,5 6 2 7 8,1,100,,6,1,0,5 6 2 7 8,1
60200,'6',900,,13,1,0,5 6 2 7 8,1,100,,14,1,0,5 6 2 7 8,1,100,,23,1,0,5 6 2 7 8,1,100,,15,1,0,5 6 2 7 8,1,100,,17,1,0,5 6 2 7 8,1,100,,21,1,0,5 6 2 7 8,1,100,,24,1,0,5 6 2 7 8,1,100,,20,1,0,5 6 2 7 8,1,100,,16,1,0,5 6 2 7 8,1,100,,19,1,0,5 6 2 7 8,1,100,,22,1,0,5 6 2 7 8,1,100,,18,1,0,5 6 2 7 8,1
60200,'9',900,,25,1,0,5 6 2 7 8,1,100,,26,1,0,5 6 2 7 8,1,100,,35,1,0,5 6 2 7 8,1,100,,27,1,0,5 6 2 7 8,1,100,,29,1,0,5 6 2 7 8,1,100,,33,1,0,5 6 2 7 8,1,100,,36,1,0,5 6 2 7 8,1,100,,32,1,0,5 6 2 7 8,1,100,,28,1,0,5 6 2 7 8,1,100,,31,1,0,5 6 2 7 8,1,100,,34,1,0,5 6 2 7 8,1,100,,30,1,0,5 6 2 7 8,1
60201,'13',959,,39,14,4,,1,100,,41,14,4,,1,100,,47,14,4,,1,100,,42,14,4,,1,100,,40,14,4,,1,100,,43,14,4,,1,100,,46,14,4,,1,100,,45,14,4,,1,100,,44,14,4,,1,100,,37,14,4,,1,100,,38,14,4,,1,100,,48,14,4,,1
60201,'6',959,,51,14,4,,1,100,,53,14,4,,1,100,,59,14,4,,1,100,,54,14,4,,1,100,,52,14,4,,1,100,,55,14,4,,1,100,,58,14,4,,1,100,,57,14,4,,1,100,,56,14,4,,1,100,,49,14,4,,1,100,,50,14,4,,1,100,,60,14,4,,1
60201,'9',959,,63,14,4,,1,100,,65,14,4,,1,100,,71,14,4,,1,100,,66,14,4,,1,100,,64,14,4,,1,100,,67,14,4,,1,100,,70,14,4,,1,100,,69,14,4,,1,100,,68,14,4,,1,100,,61,14,4,,1,100,,62,14,4,,1,100,,72,14,4,,1
60300,'13',900,,108,1,0,9 10,1,30,,100,1,0,9 10,1,70,,105,1,0,9 10,1,30,,87,1,0,9 10,1,70,,106,1,0,9 10,1,30,,79,1,0,9 10,1,70,,109,1,0,9 10,1,30,,89,1,0,9 10,1,70,,86,1,0,9 10,1,30,,98,1,0,9 10,1,70,,74,1,0,9 10,1,30,,80,1,0,9 10,1,70,,97,1,0,9 10,1,30,,81,1,0,9 10,1,70,,103,1,0,9 10,1,30,,85,1,0,9 10,1,70,,75,1,0,9 10,1,30,,96,1,0,9 10,1,70,,101,1,0,9 10,1,30,,92,1,0,9 10,1,70,,88,1,0,9 10,1,30,,111,1,0,9 10,1,70,,99,1,0,9 10,1
60300,'6',900,,148,1,0,9 10,1,30,,140,1,0,9 10,1,70,,145,1,0,9 10,1,30,,127,1,0,9 10,1,70,,146,1,0,9 10,1,30,,119,1,0,9 10,1,70,,149,1,0,9 10,1,30,,129,1,0,9 10,1,70,,126,1,0,9 10,1,30,,138,1,0,9 10,1,70,,114,1,0,9 10,1,30,,120,1,0,9 10,1,70,,137,1,0,9 10,1,30,,121,1,0,9 10,1,70,,143,1,0,9 10,1,30,,125,1,0,9 10,1,70,,115,1,0,9 10,1,30,,136,1,0,9 10,1,70,,141,1,0,9 10,1,30,,132,1,0,9 10,1,70,,128,1,0,9 10,1,30,,151,1,0,9 10,1,70,,139,1,0,9 10,1
60300,'9',900,,188,1,0,9 10,1,30,,180,1,0,9 10,1,70,,185,1,0,9 10,1,30,,167,1,0,9 10,1,70,,186,1,0,9 10,1,30,,159,1,0,9 10,1,70,,189,1,0,9 10,1,30,,169,1,0,9 10,1,70,,166,1,0,9 10,1,30,,178,1,0,9 10,1,70,,154,1,0,9 10,1,30,,160,1,0,9 10,1,70,,177,1,0,9 10,1,30,,161,1,0,9 10,1,70,,183,1,0,9 10,1,30,,165,1,0,9 10,1,70,,155,1,0,9 10,1,30,,176,1,0,9 10,1,70,,181,1,0,9 10,1,30,,172,1,0,9 10,1,70,,168,1,0,9 10,1,30,,191,1,0,9 10,1,70,,179,1,0,9 10,1
60301,'13',959,,200,18,4,,1,70,,216,18,4,,1,30,,211,18,4,,1,70,,208,18,4,,1,30,,222,18,4,,1,70,,201,18,4,,1,30,,226,18,4,,1,70,,227,18,4,,1,30,,228,18,4,,1,70,,215,18,4,,1,30,,231,18,4,,1,70,,212,18,4,,1,30,,206,18,4,,1,70,,204,18,4,,1,30,,213,18,4,,1,70,,219,18,4,,1,30,,218,18,4,,1,65,,193,18,4,,1,30,,232,18,4,,1,70,,224,18,4,,1,30,,217,18,4,,1,70,,197,18,4,,1,30,,198,18,4,,1
60301,'6',959,,240,18,4,,1,70,,256,18,4,,1,30,,251,18,4,,1,70,,248,18,4,,1,30,,262,18,4,,1,70,,241,18,4,,1,30,,266,18,4,,1,70,,267,18,4,,1,30,,268,18,4,,1,70,,255,18,4,,1,30,,271,18,4,,1,70,,252,18,4,,1,30,,246,18,4,,1,70,,244,18,4,,1,30,,253,18,4,,1,70,,259,18,4,,1,30,,258,18,4,,1,65,,233,18,4,,1,30,,272,18,4,,1,70,,264,18,4,,1,30,,257,18,4,,1,70,,237,18,4,,1,30,,238,18,4,,1
60301,'9',959,,280,18,4,,1,70,,296,18,4,,1,30,,291,18,4,,1,70,,288,18,4,,1,30,,302,18,4,,1,70,,281,18,4,,1,30,,306,18,4,,1,70,,307,18,4,,1,30,,308,18,4,,1,70,,295,18,4,,1,30,,311,18,4,,1,70,,292,18,4,,1,30,,286,18,4,,1,70,,284,18,4,,1,30,,293,18,4,,1,70,,299,18,4,,1,30,,298,18,4,,1,65,,273,18,4,,1,30,,312,18,4,,1,70,,304,18,4,,1,30,,297,18,4,,1,70,,277,18,4,,1,30,,278,18,4,,1
