60201,'11',957,,422,13,,,1,100,,420,13,,,1,100,,429,13,,,1,100,,424,13,,,1,100,,418,13,,,1,100,,419,13,,,1,100,,426,13,,,1,100,,425,13,,,1,100,,421,13,,,1,100,,423,13,,,1,100,,427,13,,,1,100,,428,13,,,1
60201,'14',957,,438,13,,,1,70,,444,13,,,1,30,,445,13,,,1,70,,431,13,,,1,30,,434,13,,,1,70,,452,13,,,1,30,,451,13,,,1,70,,430,13,,,1,30,,433,13,,,1,70,,449,13,,,1,30,,447,13,,,1,70,,448,13,,,1,30,,450,13,,,1,70,,435,13,,,1,30,,439,13,,,1,70,,436,13,,,1,30,,432,13,,,1,70,,441,13,,,1,30,,437,13,,,1,70,,442,13,,,1,30,,440,13,,,1,70,,443,13,,,1,30,,446,13,,,1
60201,'18',957,,457,13,,,1,100,,455,13,,,1,100,,464,13,,,1,100,,459,13,,,1,100,,453,13,,,1,100,,454,13,,,1,100,,461,13,,,1,100,,460,13,,,1,100,,456,13,,,1,100,,458,13,,,1,100,,462,13,,,1,100,,463,13,,,1
60201,'20',957,,473,13,,,1,70,,479,13,,,1,30,,480,13,,,1,70,,466,13,,,1,30,,469,13,,,1,70,,487,13,,,1,30,,486,13,,,1,70,,465,13,,,1,30,,468,13,,,1,70,,484,13,,,1,30,,482,13,,,1,70,,483,13,,,1,30,,485,13,,,1,70,,470,13,,,1,30,,474,13,,,1,70,,471,13,,,1,30,,467,13,,,1,70,,476,13,,,1,30,,472,13,,,1,70,,477,13,,,1,30,,475,13,,,1,70,,478,13,,,1,30,,481,13,,,1
60201,'4',957,,496,13,,,1,70,,502,13,,,1,30,,503,13,,,1,70,,489,13,,,1,30,,492,13,,,1,70,,510,13,,,1,30,,509,13,,,1,70,,488,13,,,1,30,,491,13,,,1,70,,507,13,,,1,30,,505,13,,,1,70,,506,13,,,1,30,,508,13,,,1,70,,493,13,,,1,30,,497,13,,,1,70,,494,13,,,1,30,,490,13,,,1,70,,499,13,,,1,30,,495,13,,,1,70,,500,13,,,1,30,,498,13,,,1,70,,501,13,,,1,30,,504,13,,,1
60201,'8',957,,515,13,,,1,100,,513,13,,,1,100,,522,13,,,1,100,,517,13,,,1,100,,511,13,,,1,100,,512,13,,,1,100,,519,13,,,1,100,,518,13,,,1,100,,514,13,,,1,100,,516,13,,,1,100,,520,13,,,1,100,,521,13,,,1
60301,'11',958,,913,17,,,1,70,,885,17,,,1,30,,893,17,,,1,70,,900,17,,,1,30,,891,17,,,1,70,,912,17,,,1,30,,905,17,,,1,70,,879,17,,,1,30,,907,17,,,1,70,,886,17,,,1,30,,901,17,,,1,70,,880,17,,,1,30,,904,17,,,1,70,,897,17,,,1,30,,898,17,,,1,70,,910,17,,,1,30,,881,17,,,1,65,,889,17,,,1,30,,884,17,,,1,70,,908,17,,,1,30,,882,17,,,1,70,,888,17,,,1,30,,890,17,,,1
60301,'14',1028,,920,17,,,1,15,,958,17,,,1,15,,979,17,,,1,55,,959,17,,,1,15,,941,17,,,1,15,,948,17,,,1,15,,919,17,,,1,55,,932,17,,,1,15,,942,17,,,1,15,,965,17,,,1,15,,975,17,,,1,55,,939,17,,,1,15,,947,17,,,1,15,,980,17,,,1,15,,937,17,,,1,55,,940,17,,,1,15,,964,17,,,1,15,,925,17,,,1,15,,962,17,,,1,55,,987,17,,,1,15,,933,17,,,1,15,,977,17,,,1,15,,970,17,,,1,55,,981,17,,,1,15,,991,17,,,1,15,,955,17,,,1,15,,963,17,,,1,55,,918,17,,,1,15,,928,17,,,1,15,,974,17,,,1,15,,935,17,,,1,55,,938,17,,,1,15,,960,17,,,1,15,,956,17,,,1,15,,988,17,,,1,55,,952,17,,,1,15,,944,17,,,1,30,,994,17,,,1,70,,986,17,,,1,30,,967,17,,,1
60301,'18',958,,1031,17,,,1,70,,1003,17,,,1,30,,1011,17,,,1,70,,1018,17,,,1,30,,1009,17,,,1,70,,1030,17,,,1,30,,1023,17,,,1,70,,997,17,,,1,30,,1025,17,,,1,70,,1004,17,,,1,30,,1019,17,,,1,70,,998,17,,,1,30,,1022,17,,,1,70,,1015,17,,,1,30,,1016,17,,,1,70,,1028,17,,,1,30,,999,17,,,1,65,,1007,17,,,1,30,,1002,17,,,1,70,,1026,17,,,1,30,,1000,17,,,1,70,,1006,17,,,1,30,,1008,17,,,1
60301,'20',1028,,1038,17,,,1,15,,1076,17,,,1,15,,1097,17,,,1,55,,1077,17,,,1,15,,1059,17,,,1,15,,1066,17,,,1,15,,1037,17,,,1,55,,1050,17,,,1,15,,1060,17,,,1,15,,1083,17,,,1,15,,1093,17,,,1,55,,1057,17,,,1,15,,1065,17,,,1,15,,1098,17,,,1,15,,1055,17,,,1,55,,1058,17,,,1,15,,1082,17,,,1,15,,1043,17,,,1,15,,1080,17,,,1,55,,1105,17,,,1,15,,1051,17,,,1,15,,1095,17,,,1,15,,1088,17,,,1,55,,1099,17,,,1,15,,1109,17,,,1,15,,1073,17,,,1,15,,1081,17,,,1,55,,1036,17,,,1,15,,1046,17,,,1,15,,1092,17,,,1,15,,1053,17,,,1,55,,1056,17,,,1,15,,1078,17,,,1,15,,1074,17,,,1,15,,1106,17,,,1,55,,1070,17,,,1,15,,1091,17,,,1,30,,1112,17,,,1,70,,1104,17,,,1,30,,1085,17,,,1
60301,'4',1028,,1116,17,,,1,15,,1154,17,,,1,15,,1175,17,,,1,55,,1155,17,,,1,15,,1137,17,,,1,15,,1144,17,,,1,15,,1115,17,,,1,55,,1128,17,,,1,15,,1138,17,,,1,15,,1161,17,,,1,15,,1171,17,,,1,55,,1135,17,,,1,15,,1143,17,,,1,15,,1176,17,,,1,15,,1133,17,,,1,55,,1136,17,,,1,15,,1160,17,,,1,15,,1121,17,,,1,15,,1158,17,,,1,55,,1183,17,,,1,15,,1129,17,,,1,15,,1173,17,,,1,15,,1166,17,,,1,55,,1177,17,,,1,15,,1187,17,,,1,15,,1151,17,,,1,15,,1159,17,,,1,55,,1114,17,,,1,15,,1124,17,,,1,15,,1170,17,,,1,15,,1131,17,,,1,55,,1134,17,,,1,15,,1156,17,,,1,15,,1152,17,,,1,15,,1184,17,,,1,55,,1148,17,,,1,15,,1140,17,,,1,30,,1190,17,,,1,70,,1182,17,,,1,30,,1163,17,,,1
60301,'8',958,,1227,17,,,1,70,,1199,17,,,1,30,,1207,17,,,1,70,,1214,17,,,1,30,,1205,17,,,1,70,,1226,17,,,1,30,,1219,17,,,1,70,,1193,17,,,1,30,,1221,17,,,1,70,,1200,17,,,1,30,,1215,17,,,1,70,,1194,17,,,1,30,,1218,17,,,1,70,,1211,17,,,1,30,,1212,17,,,1,70,,1224,17,,,1,30,,1195,17,,,1,65,,1203,17,,,1,30,,1198,17,,,1,70,,1222,17,,,1,30,,1196,17,,,1,70,,1202,17,,,1,30,,1204,17,,,1
