60100,3871,1,0
60100,8940,2,0
60100,8960,3,0
60100,8923,4,0
60100,8924,5,0
60100,8925,6,0
60100,6895,7,0
60100,6204,8,0
60100,6206,9,0
60100,8285,10,0
60100,8286,11,0
60100,8287,12,0
60100,8288,13,0
60100,8290,14,0
60100,8291,15,0
60100,6292,16,0
60100,8293,17,0
60100,8294,18,0
60100,8295,19,0
60100,8296,20,0
60100,8297,21,0
60100,8299,22,0
60100,8938,23,0
60100,8939,24,0
60100,8880,25,0
60100,8881,26,0
60100,8882,27,1
60101,8882,1,0
60101,8958,2,0
60101,8684,3,0
60101,8685,4,0
60101,8936,5,0
60101,8331,6,0
60101,8332,7,0
60101,8333,8,0
60101,8334,9,0
60101,8335,10,0
60101,8336,11,0
60101,8337,12,0
60101,8338,13,0
60101,8339,14,0
60101,8340,15,0
60101,8341,16,0
60101,8342,17,0
60101,8343,18,0
60101,8344,19,0
60101,8933,20,0
60101,6269,21,0
60101,6270,22,0
60101,8926,23,0
60101,8935,24,0
60101,3871,25,1
60200,3871,1,0
60200,8940,2,0
60200,8922,3,0
60200,8951,4,0
60200,8917,5,0
60200,8923,6,0
60200,8924,7,0
60200,8925,8,0
60200,8926,9,0
60200,8929,10,0
60200,8877,11,0
60200,8928,12,0
60200,8930,13,0
60200,8965,14,0
60200,8967,15,0
60200,8576,16,0
60200,8577,17,1
60200,8950,18,1
60201,8577,1,0
60201,8581,2,0
60201,8596,3,0
60201,6152,4,0
60201,3873,5,0
60201,8950,6,0
60201,8873,7,0
60201,8932,8,0
60201,8874,9,0
60201,8980,10,0
60201,8875,11,0
60201,3871,12,1
60300,3036,1,0
60300,3018,2,0
60300,38711,3,0
60300,3002,4,0
60300,3003,5,0
60300,99993,6,0
60300,3009,7,0
60300,32003,8,0
60300,32004,9,0
60300,8006,10,0
60300,30071,11,0
60300,3500,12,0
60300,8020,13,0
60300,30211,14,0
60300,3022,15,1
60301,3022,1,0
60301,30211,2,0
60301,8033,3,0
60301,30071,4,0
60301,8035,5,0
60301,8008,6,0
60301,8102,7,0
60301,32005,8,0
60301,3005,9,0
60301,8010,10,0
60301,8011,11,0
60301,3013,12,0
60301,3014,13,0
60301,38712,14,0
60301,3034,15,0
60301,3036,16,1
60500,3871,1,0
60500,8961,2,0
60500,6622,3,0
60500,6895,4,0
60500,6204,5,0
60500,6206,6,0
60500,8285,7,0
60500,8286,8,0
60500,8287,9,0
60500,8288,10,0
60500,8290,11,0
60500,8291,12,0
60500,6292,13,0
60500,8293,14,0
60500,8294,15,0
60500,8295,16,0
60500,8296,17,0
60500,8297,18,0
60500,8299,19,0
60500,8938,20,0
60500,8939,21,0
60500,8880,22,0
60500,8881,23,0
60500,8882,24,1
60501,8882,1,0
60501,8958,2,0
60501,8684,3,0
60501,8685,4,0
60501,8936,5,0
60501,8331,6,0
60501,8332,7,0
60501,8333,8,0
60501,8334,9,0
60501,8335,10,0
60501,8336,11,0
60501,8337,12,0
60501,8338,13,0
60501,8339,14,0
60501,8340,15,0
60501,8341,16,0
60501,8342,17,0
60501,8343,18,0
60501,8344,19,0
60501,8933,20,0
60501,6269,21,0
60501,6270,22,0
60501,8926,23,0
60501,8935,24,0
60501,3871,25,1
