60200,'11',908,,316,7,0,5 6 2 7 8,1,100,,313,7,0,5 6 2 7 8,1,100,,321,7,0,5 6 2 7 8,1,100,,317,7,0,5 6 2 7 8,1,100,,320,7,0,5 6 2 7 8,1,100,,315,7,0,5 6 2 7 8,1,100,,319,7,0,5 6 2 7 8,1,100,,323,7,0,5 6 2 7 8,1,100,,322,7,0,5 6 2 7 8,1,100,,318,7,0,5 6 2 7 8,1,100,,314,7,0,5 6 2 7 8,1,100,,324,7,0,5 6 2 7 8,1
60200,'14',908,,347,7,0,5 6 2 7 8,1,30,,340,7,0,5 6 2 7 8,1,70,,327,7,0,5 6 2 7 8,1,30,,345,7,0,5 6 2 7 8,1,70,,330,7,0,5 6 2 7 8,1,30,,325,7,0,5 6 2 7 8,1,70,,329,7,0,5 6 2 7 8,1,30,,346,7,0,5 6 2 7 8,1,70,,338,7,0,5 6 2 7 8,1,30,,332,7,0,5 6 2 7 8,1,70,,334,7,0,5 6 2 7 8,1,30,,336,7,0,5 6 2 7 8,1,70,,344,7,0,5 6 2 7 8,1,30,,326,7,0,5 6 2 7 8,1,70,,341,7,0,5 6 2 7 8,1,30,,343,7,0,5 6 2 7 8,1,70,,335,7,0,5 6 2 7 8,1,30,,337,7,0,5 6 2 7 8,1,70,,333,7,0,5 6 2 7 8,1,30,,331,7,0,5 6 2 7 8,1,70,,342,7,0,5 6 2 7 8,1,30,,328,7,0,5 6 2 7 8,1,70,,339,7,0,5 6 2 7 8,1
60200,'18',908,,351,7,0,5 6 2 7 8,1,100,,348,7,0,5 6 2 7 8,1,100,,356,7,0,5 6 2 7 8,1,100,,352,7,0,5 6 2 7 8,1,100,,355,7,0,5 6 2 7 8,1,100,,350,7,0,5 6 2 7 8,1,100,,354,7,0,5 6 2 7 8,1,100,,358,7,0,5 6 2 7 8,1,100,,357,7,0,5 6 2 7 8,1,100,,353,7,0,5 6 2 7 8,1,100,,349,7,0,5 6 2 7 8,1,100,,359,7,0,5 6 2 7 8,1
60200,'20',908,,382,7,0,5 6 2 7 8,1,30,,375,7,0,5 6 2 7 8,1,70,,362,7,0,5 6 2 7 8,1,30,,380,7,0,5 6 2 7 8,1,70,,365,7,0,5 6 2 7 8,1,30,,360,7,0,5 6 2 7 8,1,70,,364,7,0,5 6 2 7 8,1,30,,381,7,0,5 6 2 7 8,1,70,,373,7,0,5 6 2 7 8,1,30,,367,7,0,5 6 2 7 8,1,70,,369,7,0,5 6 2 7 8,1,30,,371,7,0,5 6 2 7 8,1,70,,379,7,0,5 6 2 7 8,1,30,,361,7,0,5 6 2 7 8,1,70,,376,7,0,5 6 2 7 8,1,30,,378,7,0,5 6 2 7 8,1,70,,370,7,0,5 6 2 7 8,1,30,,372,7,0,5 6 2 7 8,1,70,,368,7,0,5 6 2 7 8,1,30,,366,7,0,5 6 2 7 8,1,70,,377,7,0,5 6 2 7 8,1,30,,363,7,0,5 6 2 7 8,1,70,,374,7,0,5 6 2 7 8,1
60200,'4',908,,405,7,0,5 6 2 7 8,1,30,,398,7,0,5 6 2 7 8,1,70,,385,7,0,5 6 2 7 8,1,30,,403,7,0,5 6 2 7 8,1,70,,388,7,0,5 6 2 7 8,1,30,,383,7,0,5 6 2 7 8,1,70,,387,7,0,5 6 2 7 8,1,30,,404,7,0,5 6 2 7 8,1,70,,396,7,0,5 6 2 7 8,1,30,,390,7,0,5 6 2 7 8,1,70,,392,7,0,5 6 2 7 8,1,30,,394,7,0,5 6 2 7 8,1,70,,402,7,0,5 6 2 7 8,1,30,,384,7,0,5 6 2 7 8,1,70,,399,7,0,5 6 2 7 8,1,30,,401,7,0,5 6 2 7 8,1,70,,393,7,0,5 6 2 7 8,1,30,,395,7,0,5 6 2 7 8,1,70,,391,7,0,5 6 2 7 8,1,30,,389,7,0,5 6 2 7 8,1,70,,400,7,0,5 6 2 7 8,1,30,,386,7,0,5 6 2 7 8,1,70,,397,7,0,5 6 2 7 8,1
60200,'8',908,,409,7,0,5 6 2 7 8,1,100,,406,7,0,5 6 2 7 8,1,100,,414,7,0,5 6 2 7 8,1,100,,410,7,0,5 6 2 7 8,1,100,,413,7,0,5 6 2 7 8,1,100,,408,7,0,5 6 2 7 8,1,100,,412,7,0,5 6 2 7 8,1,100,,416,7,0,5 6 2 7 8,1,100,,415,7,0,5 6 2 7 8,1,100,,411,7,0,5 6 2 7 8,1,100,,407,7,0,5 6 2 7 8,1,100,,417,7,0,5 6 2 7 8,1
60300,'11',909,,548,7,0,9 10,1,30,,551,7,0,9 10,1,70,,529,7,0,9 10,1,30,,528,7,0,9 10,1,70,,531,7,0,9 10,1,30,,537,7,0,9 10,1,70,,532,7,0,9 10,1,30,,545,7,0,9 10,1,70,,542,7,0,9 10,1,30,,535,7,0,9 10,1,70,,540,7,0,9 10,1,30,,543,7,0,9 10,1,70,,526,7,0,9 10,1,30,,558,7,0,9 10,1,70,,527,7,0,9 10,1,30,,541,7,0,9 10,1,70,,553,7,0,9 10,1,30,,555,7,0,9 10,1,70,,530,7,0,9 10,1,30,,538,7,0,9 10,1,70,,556,7,0,9 10,1,30,,533,7,0,9 10,1,70,,525,7,0,9 10,1
60300,'14',909,,632,7,0,9 10,1,15,,611,7,0,9 10,1,15,,590,7,0,9 10,1,15,,584,7,0,9 10,1,55,,603,7,0,9 10,1,15,,604,7,0,9 10,1,15,,613,7,0,9 10,1,15,,589,7,0,9 10,1,55,,583,7,0,9 10,1,15,,636,7,0,9 10,1,15,,591,7,0,9 10,1,15,,572,7,0,9 10,1,55,,597,7,0,9 10,1,15,,594,7,0,9 10,1,15,,626,7,0,9 10,1,15,,598,7,0,9 10,1,55,,621,7,0,9 10,1,15,,569,7,0,9 10,1,15,,628,7,0,9 10,1,15,,623,7,0,9 10,1,55,,599,7,0,9 10,1,15,,568,7,0,9 10,1,15,,634,7,0,9 10,1,15,,638,7,0,9 10,1,55,,582,7,0,9 10,1,15,,593,7,0,9 10,1,15,,581,7,0,9 10,1,15,,612,7,0,9 10,1,55,,622,7,0,9 10,1,15,,570,7,0,9 10,1,15,,565,7,0,9 10,1,15,,639,7,0,9 10,1,55,,595,7,0,9 10,1,15,,631,7,0,9 10,1,15,,606,7,0,9 10,1,15,,609,7,0,9 10,1,55,,610,7,0,9 10,1,30,,586,7,0,9 10,1,70,,585,7,0,9 10,1,30,,575,7,0,9 10,1,70,,617,7,0,9 10,1
60300,'18',909,,666,7,0,9 10,1,30,,669,7,0,9 10,1,70,,647,7,0,9 10,1,30,,646,7,0,9 10,1,70,,649,7,0,9 10,1,30,,655,7,0,9 10,1,70,,650,7,0,9 10,1,30,,663,7,0,9 10,1,70,,660,7,0,9 10,1,30,,653,7,0,9 10,1,70,,658,7,0,9 10,1,30,,661,7,0,9 10,1,70,,644,7,0,9 10,1,30,,676,7,0,9 10,1,70,,645,7,0,9 10,1,30,,659,7,0,9 10,1,70,,671,7,0,9 10,1,30,,673,7,0,9 10,1,70,,648,7,0,9 10,1,30,,656,7,0,9 10,1,70,,674,7,0,9 10,1,30,,651,7,0,9 10,1,70,,643,7,0,9 10,1
60300,'20',909,,750,7,0,9 10,1,15,,729,7,0,9 10,1,15,,708,7,0,9 10,1,15,,702,7,0,9 10,1,55,,721,7,0,9 10,1,15,,722,7,0,9 10,1,15,,731,7,0,9 10,1,15,,707,7,0,9 10,1,55,,701,7,0,9 10,1,15,,754,7,0,9 10,1,15,,709,7,0,9 10,1,15,,690,7,0,9 10,1,55,,715,7,0,9 10,1,15,,712,7,0,9 10,1,15,,744,7,0,9 10,1,15,,716,7,0,9 10,1,55,,739,7,0,9 10,1,15,,687,7,0,9 10,1,15,,746,7,0,9 10,1,15,,741,7,0,9 10,1,55,,717,7,0,9 10,1,15,,686,7,0,9 10,1,15,,752,7,0,9 10,1,15,,756,7,0,9 10,1,55,,700,7,0,9 10,1,15,,711,7,0,9 10,1,15,,699,7,0,9 10,1,15,,730,7,0,9 10,1,55,,740,7,0,9 10,1,15,,688,7,0,9 10,1,15,,683,7,0,9 10,1,15,,757,7,0,9 10,1,55,,713,7,0,9 10,1,15,,749,7,0,9 10,1,15,,724,7,0,9 10,1,15,,727,7,0,9 10,1,55,,728,7,0,9 10,1,30,,704,7,0,9 10,1,70,,703,7,0,9 10,1,30,,693,7,0,9 10,1,70,,735,7,0,9 10,1
60300,'4',909,,828,7,0,9 10,1,15,,807,7,0,9 10,1,15,,786,7,0,9 10,1,15,,780,7,0,9 10,1,55,,799,7,0,9 10,1,15,,800,7,0,9 10,1,15,,809,7,0,9 10,1,15,,785,7,0,9 10,1,55,,779,7,0,9 10,1,15,,832,7,0,9 10,1,15,,787,7,0,9 10,1,15,,768,7,0,9 10,1,55,,793,7,0,9 10,1,15,,790,7,0,9 10,1,15,,822,7,0,9 10,1,15,,794,7,0,9 10,1,55,,817,7,0,9 10,1,15,,765,7,0,9 10,1,15,,824,7,0,9 10,1,15,,819,7,0,9 10,1,55,,795,7,0,9 10,1,15,,764,7,0,9 10,1,15,,830,7,0,9 10,1,15,,834,7,0,9 10,1,55,,778,7,0,9 10,1,15,,789,7,0,9 10,1,15,,777,7,0,9 10,1,15,,808,7,0,9 10,1,55,,818,7,0,9 10,1,15,,766,7,0,9 10,1,15,,761,7,0,9 10,1,15,,835,7,0,9 10,1,55,,791,7,0,9 10,1,15,,827,7,0,9 10,1,15,,802,7,0,9 10,1,15,,805,7,0,9 10,1,55,,806,7,0,9 10,1,30,,782,7,0,9 10,1,70,,781,7,0,9 10,1,30,,771,7,0,9 10,1,70,,813,7,0,9 10,1
60300,'8',909,,862,7,0,9 10,1,30,,865,7,0,9 10,1,70,,843,7,0,9 10,1,30,,842,7,0,9 10,1,70,,845,7,0,9 10,1,30,,851,7,0,9 10,1,70,,846,7,0,9 10,1,30,,859,7,0,9 10,1,70,,856,7,0,9 10,1,30,,849,7,0,9 10,1,70,,854,7,0,9 10,1,30,,857,7,0,9 10,1,70,,840,7,0,9 10,1,30,,872,7,0,9 10,1,70,,841,7,0,9 10,1,30,,855,7,0,9 10,1,70,,867,7,0,9 10,1,30,,869,7,0,9 10,1,70,,844,7,0,9 10,1,30,,852,7,0,9 10,1,70,,870,7,0,9 10,1,30,,847,7,0,9 10,1,70,,839,7,0,9 10,1
