60200,'11',906,,316,5,,,1,100,,313,5,,,1,100,,321,5,,,1,100,,317,5,,,1,100,,320,5,,,1,100,,315,5,,,1,100,,319,5,,,1,100,,323,5,,,1,100,,322,5,,,1,100,,318,5,,,1,100,,314,5,,,1,100,,324,5,,,1
60200,'14',906,,347,5,,,1,30,,340,5,,,1,70,,327,5,,,1,30,,345,5,,,1,70,,330,5,,,1,30,,325,5,,,1,70,,329,5,,,1,30,,346,5,,,1,70,,338,5,,,1,30,,332,5,,,1,70,,334,5,,,1,30,,336,5,,,1,70,,344,5,,,1,30,,326,5,,,1,70,,341,5,,,1,30,,343,5,,,1,70,,335,5,,,1,30,,337,5,,,1,70,,333,5,,,1,30,,331,5,,,1,70,,342,5,,,1,30,,328,5,,,1,70,,339,5,,,1
60200,'18',906,,351,5,,,1,100,,348,5,,,1,100,,356,5,,,1,100,,352,5,,,1,100,,355,5,,,1,100,,350,5,,,1,100,,354,5,,,1,100,,358,5,,,1,100,,357,5,,,1,100,,353,5,,,1,100,,349,5,,,1,100,,359,5,,,1
60200,'20',906,,382,5,,,1,30,,375,5,,,1,70,,362,5,,,1,30,,380,5,,,1,70,,365,5,,,1,30,,360,5,,,1,70,,364,5,,,1,30,,381,5,,,1,70,,373,5,,,1,30,,367,5,,,1,70,,369,5,,,1,30,,371,5,,,1,70,,379,5,,,1,30,,361,5,,,1,70,,376,5,,,1,30,,378,5,,,1,70,,370,5,,,1,30,,372,5,,,1,70,,368,5,,,1,30,,366,5,,,1,70,,377,5,,,1,30,,363,5,,,1,70,,374,5,,,1
60200,'4',906,,405,5,,,1,30,,398,5,,,1,70,,385,5,,,1,30,,403,5,,,1,70,,388,5,,,1,30,,383,5,,,1,70,,387,5,,,1,30,,404,5,,,1,70,,396,5,,,1,30,,390,5,,,1,70,,392,5,,,1,30,,394,5,,,1,70,,402,5,,,1,30,,384,5,,,1,70,,399,5,,,1,30,,401,5,,,1,70,,393,5,,,1,30,,395,5,,,1,70,,391,5,,,1,30,,389,5,,,1,70,,400,5,,,1,30,,386,5,,,1,70,,397,5,,,1
60200,'8',906,,409,5,,,1,100,,406,5,,,1,100,,414,5,,,1,100,,410,5,,,1,100,,413,5,,,1,100,,408,5,,,1,100,,412,5,,,1,100,,416,5,,,1,100,,415,5,,,1,100,,411,5,,,1,100,,407,5,,,1,100,,417,5,,,1
60201,'11',955,,422,11,,,1,100,,420,11,,,1,100,,429,11,,,1,100,,424,11,,,1,100,,418,11,,,1,100,,419,11,,,1,100,,426,11,,,1,100,,425,11,,,1,100,,421,11,,,1,100,,423,11,,,1,100,,427,11,,,1,100,,428,11,,,1
60201,'14',955,,438,11,,,1,70,,444,11,,,1,30,,445,11,,,1,70,,431,11,,,1,30,,434,11,,,1,70,,452,11,,,1,30,,451,11,,,1,70,,430,11,,,1,30,,433,11,,,1,70,,449,11,,,1,30,,447,11,,,1,70,,448,11,,,1,30,,450,11,,,1,70,,435,11,,,1,30,,439,11,,,1,70,,436,11,,,1,30,,432,11,,,1,70,,441,11,,,1,30,,437,11,,,1,70,,442,11,,,1,30,,440,11,,,1,70,,443,11,,,1,30,,446,11,,,1
60201,'18',955,,457,11,,,1,100,,455,11,,,1,100,,464,11,,,1,100,,459,11,,,1,100,,453,11,,,1,100,,454,11,,,1,100,,461,11,,,1,100,,460,11,,,1,100,,456,11,,,1,100,,458,11,,,1,100,,462,11,,,1,100,,463,11,,,1
60201,'20',955,,473,11,,,1,70,,479,11,,,1,30,,480,11,,,1,70,,466,11,,,1,30,,469,11,,,1,70,,487,11,,,1,30,,486,11,,,1,70,,465,11,,,1,30,,468,11,,,1,70,,484,11,,,1,30,,482,11,,,1,70,,483,11,,,1,30,,485,11,,,1,70,,470,11,,,1,30,,474,11,,,1,70,,471,11,,,1,30,,467,11,,,1,70,,476,11,,,1,30,,472,11,,,1,70,,477,11,,,1,30,,475,11,,,1,70,,478,11,,,1,30,,481,11,,,1
60201,'4',955,,496,11,,,1,70,,502,11,,,1,30,,503,11,,,1,70,,489,11,,,1,30,,492,11,,,1,70,,510,11,,,1,30,,509,11,,,1,70,,488,11,,,1,30,,491,11,,,1,70,,507,11,,,1,30,,505,11,,,1,70,,506,11,,,1,30,,508,11,,,1,70,,493,11,,,1,30,,497,11,,,1,70,,494,11,,,1,30,,490,11,,,1,70,,499,11,,,1,30,,495,11,,,1,70,,500,11,,,1,30,,498,11,,,1,70,,501,11,,,1,30,,504,11,,,1
60201,'8',955,,515,11,,,1,100,,513,11,,,1,100,,522,11,,,1,100,,517,11,,,1,100,,511,11,,,1,100,,512,11,,,1,100,,519,11,,,1,100,,518,11,,,1,100,,514,11,,,1,100,,516,11,,,1,100,,520,11,,,1,100,,521,11,,,1
60300,'11',905,,548,5,,,1,30,,551,5,,,1,70,,529,5,,,1,30,,528,5,,,1,70,,531,5,,,1,30,,537,5,,,1,70,,532,5,,,1,30,,545,5,,,1,70,,542,5,,,1,30,,535,5,,,1,70,,540,5,,,1,30,,543,5,,,1,70,,526,5,,,1,30,,558,5,,,1,70,,527,5,,,1,30,,541,5,,,1,70,,553,5,,,1,30,,555,5,,,1,70,,530,5,,,1,30,,538,5,,,1,70,,556,5,,,1,30,,533,5,,,1,70,,525,5,,,1
60300,'14',907,,632,5,,,1,15,,611,5,,,1,15,,590,5,,,1,15,,584,5,,,1,55,,603,5,,,1,15,,604,5,,,1,15,,613,5,,,1,15,,589,5,,,1,55,,583,5,,,1,15,,636,5,,,1,15,,591,5,,,1,15,,572,5,,,1,55,,597,5,,,1,15,,594,5,,,1,15,,626,5,,,1,15,,598,5,,,1,55,,621,5,,,1,15,,569,5,,,1,15,,628,5,,,1,15,,623,5,,,1,55,,599,5,,,1,15,,568,5,,,1,15,,634,5,,,1,15,,638,5,,,1,55,,582,5,,,1,15,,593,5,,,1,15,,581,5,,,1,15,,612,5,,,1,55,,622,5,,,1,15,,570,5,,,1,15,,565,5,,,1,15,,639,5,,,1,55,,595,5,,,1,15,,631,5,,,1,15,,606,5,,,1,15,,609,5,,,1,55,,610,5,,,1,30,,586,5,,,1,70,,585,5,,,1,30,,575,5,,,1,70,,617,5,,,1
60300,'18',905,,666,5,,,1,30,,669,5,,,1,70,,647,5,,,1,30,,646,5,,,1,70,,649,5,,,1,30,,655,5,,,1,70,,650,5,,,1,30,,663,5,,,1,70,,660,5,,,1,30,,653,5,,,1,70,,658,5,,,1,30,,661,5,,,1,70,,644,5,,,1,30,,676,5,,,1,70,,645,5,,,1,30,,659,5,,,1,70,,671,5,,,1,30,,673,5,,,1,70,,648,5,,,1,30,,656,5,,,1,70,,674,5,,,1,30,,651,5,,,1,70,,643,5,,,1
60300,'20',907,,750,5,,,1,15,,729,5,,,1,15,,708,5,,,1,15,,702,5,,,1,55,,721,5,,,1,15,,722,5,,,1,15,,731,5,,,1,15,,707,5,,,1,55,,701,5,,,1,15,,754,5,,,1,15,,709,5,,,1,15,,690,5,,,1,55,,715,5,,,1,15,,712,5,,,1,15,,744,5,,,1,15,,716,5,,,1,55,,739,5,,,1,15,,687,5,,,1,15,,746,5,,,1,15,,741,5,,,1,55,,717,5,,,1,15,,686,5,,,1,15,,752,5,,,1,15,,756,5,,,1,55,,700,5,,,1,15,,711,5,,,1,15,,699,5,,,1,15,,730,5,,,1,55,,740,5,,,1,15,,688,5,,,1,15,,683,5,,,1,15,,757,5,,,1,55,,713,5,,,1,15,,749,5,,,1,15,,724,5,,,1,15,,727,5,,,1,55,,728,5,,,1,30,,704,5,,,1,70,,703,5,,,1,30,,693,5,,,1,70,,735,5,,,1
60300,'4',907,,828,5,,,1,15,,807,5,,,1,15,,786,5,,,1,15,,780,5,,,1,55,,799,5,,,1,15,,800,5,,,1,15,,809,5,,,1,15,,785,5,,,1,55,,779,5,,,1,15,,832,5,,,1,15,,787,5,,,1,15,,768,5,,,1,55,,793,5,,,1,15,,790,5,,,1,15,,822,5,,,1,15,,794,5,,,1,55,,817,5,,,1,15,,765,5,,,1,15,,824,5,,,1,15,,819,5,,,1,55,,795,5,,,1,15,,764,5,,,1,15,,830,5,,,1,15,,834,5,,,1,55,,778,5,,,1,15,,789,5,,,1,15,,777,5,,,1,15,,808,5,,,1,55,,818,5,,,1,15,,766,5,,,1,15,,761,5,,,1,15,,835,5,,,1,55,,791,5,,,1,15,,827,5,,,1,15,,802,5,,,1,15,,805,5,,,1,55,,806,5,,,1,30,,782,5,,,1,70,,781,5,,,1,30,,771,5,,,1,70,,813,5,,,1
60300,'8',905,,862,5,,,1,30,,865,5,,,1,70,,843,5,,,1,30,,842,5,,,1,70,,845,5,,,1,30,,851,5,,,1,70,,846,5,,,1,30,,859,5,,,1,70,,856,5,,,1,30,,849,5,,,1,70,,854,5,,,1,30,,857,5,,,1,70,,840,5,,,1,30,,872,5,,,1,70,,841,5,,,1,30,,855,5,,,1,70,,867,5,,,1,30,,869,5,,,1,70,,844,5,,,1,30,,852,5,,,1,70,,870,5,,,1,30,,847,5,,,1,70,,839,5,,,1
