60200,'11',902,,316,3,0,5 6 2 7 8,1,100,,313,3,0,5 6 2 7 8,1,100,,321,3,0,5 6 2 7 8,1,100,,317,3,0,5 6 2 7 8,1,100,,320,3,0,5 6 2 7 8,1,100,,315,3,0,5 6 2 7 8,1,100,,319,3,0,5 6 2 7 8,1,100,,323,3,0,5 6 2 7 8,1,100,,322,3,0,5 6 2 7 8,1,100,,318,3,0,5 6 2 7 8,1,100,,314,3,0,5 6 2 7 8,1,100,,324,3,0,5 6 2 7 8,1
60200,'14',902,,347,3,0,5 6 2 7 8,1,30,,340,3,0,5 6 2 7 8,1,70,,327,3,0,5 6 2 7 8,1,30,,345,3,0,5 6 2 7 8,1,70,,330,3,0,5 6 2 7 8,1,30,,325,3,0,5 6 2 7 8,1,70,,329,3,0,5 6 2 7 8,1,30,,346,3,0,5 6 2 7 8,1,70,,338,3,0,5 6 2 7 8,1,30,,332,3,0,5 6 2 7 8,1,70,,334,3,0,5 6 2 7 8,1,30,,336,3,0,5 6 2 7 8,1,70,,344,3,0,5 6 2 7 8,1,30,,326,3,0,5 6 2 7 8,1,70,,341,3,0,5 6 2 7 8,1,30,,343,3,0,5 6 2 7 8,1,70,,335,3,0,5 6 2 7 8,1,30,,337,3,0,5 6 2 7 8,1,70,,333,3,0,5 6 2 7 8,1,30,,331,3,0,5 6 2 7 8,1,70,,342,3,0,5 6 2 7 8,1,30,,328,3,0,5 6 2 7 8,1,70,,339,3,0,5 6 2 7 8,1
60200,'18',902,,351,3,0,5 6 2 7 8,1,100,,348,3,0,5 6 2 7 8,1,100,,356,3,0,5 6 2 7 8,1,100,,352,3,0,5 6 2 7 8,1,100,,355,3,0,5 6 2 7 8,1,100,,350,3,0,5 6 2 7 8,1,100,,354,3,0,5 6 2 7 8,1,100,,358,3,0,5 6 2 7 8,1,100,,357,3,0,5 6 2 7 8,1,100,,353,3,0,5 6 2 7 8,1,100,,349,3,0,5 6 2 7 8,1,100,,359,3,0,5 6 2 7 8,1
60200,'20',902,,382,3,0,5 6 2 7 8,1,30,,375,3,0,5 6 2 7 8,1,70,,362,3,0,5 6 2 7 8,1,30,,380,3,0,5 6 2 7 8,1,70,,365,3,0,5 6 2 7 8,1,30,,360,3,0,5 6 2 7 8,1,70,,364,3,0,5 6 2 7 8,1,30,,381,3,0,5 6 2 7 8,1,70,,373,3,0,5 6 2 7 8,1,30,,367,3,0,5 6 2 7 8,1,70,,369,3,0,5 6 2 7 8,1,30,,371,3,0,5 6 2 7 8,1,70,,379,3,0,5 6 2 7 8,1,30,,361,3,0,5 6 2 7 8,1,70,,376,3,0,5 6 2 7 8,1,30,,378,3,0,5 6 2 7 8,1,70,,370,3,0,5 6 2 7 8,1,30,,372,3,0,5 6 2 7 8,1,70,,368,3,0,5 6 2 7 8,1,30,,366,3,0,5 6 2 7 8,1,70,,377,3,0,5 6 2 7 8,1,30,,363,3,0,5 6 2 7 8,1,70,,374,3,0,5 6 2 7 8,1
60200,'4',902,,405,3,0,5 6 2 7 8,1,30,,398,3,0,5 6 2 7 8,1,70,,385,3,0,5 6 2 7 8,1,30,,403,3,0,5 6 2 7 8,1,70,,388,3,0,5 6 2 7 8,1,30,,383,3,0,5 6 2 7 8,1,70,,387,3,0,5 6 2 7 8,1,30,,404,3,0,5 6 2 7 8,1,70,,396,3,0,5 6 2 7 8,1,30,,390,3,0,5 6 2 7 8,1,70,,392,3,0,5 6 2 7 8,1,30,,394,3,0,5 6 2 7 8,1,70,,402,3,0,5 6 2 7 8,1,30,,384,3,0,5 6 2 7 8,1,70,,399,3,0,5 6 2 7 8,1,30,,401,3,0,5 6 2 7 8,1,70,,393,3,0,5 6 2 7 8,1,30,,395,3,0,5 6 2 7 8,1,70,,391,3,0,5 6 2 7 8,1,30,,389,3,0,5 6 2 7 8,1,70,,400,3,0,5 6 2 7 8,1,30,,386,3,0,5 6 2 7 8,1,70,,397,3,0,5 6 2 7 8,1
60200,'8',902,,409,3,0,5 6 2 7 8,1,100,,406,3,0,5 6 2 7 8,1,100,,414,3,0,5 6 2 7 8,1,100,,410,3,0,5 6 2 7 8,1,100,,413,3,0,5 6 2 7 8,1,100,,408,3,0,5 6 2 7 8,1,100,,412,3,0,5 6 2 7 8,1,100,,416,3,0,5 6 2 7 8,1,100,,415,3,0,5 6 2 7 8,1,100,,411,3,0,5 6 2 7 8,1,100,,407,3,0,5 6 2 7 8,1,100,,417,3,0,5 6 2 7 8,1
60201,'11',952,,422,9,0,11,1,100,,420,9,0,11,1,100,,429,9,0,11,1,100,,424,9,0,11,1,100,,418,9,0,11,1,100,,419,9,0,11,1,100,,426,9,0,11,1,100,,425,9,0,11,1,100,,421,9,0,11,1,100,,423,9,0,11,1,100,,427,9,0,11,1,100,,428,9,0,11,1
60201,'14',952,,438,9,0,11,1,70,,444,9,0,11,1,30,,445,9,0,11,1,70,,431,9,0,11,1,30,,434,9,0,11,1,70,,452,9,0,11,1,30,,451,9,0,11,1,70,,430,9,0,11,1,30,,433,9,0,11,1,70,,449,9,0,11,1,30,,447,9,0,11,1,70,,448,9,0,11,1,30,,450,9,0,11,1,70,,435,9,0,11,1,30,,439,9,0,11,1,70,,436,9,0,11,1,30,,432,9,0,11,1,70,,441,9,0,11,1,30,,437,9,0,11,1,70,,442,9,0,11,1,30,,440,9,0,11,1,70,,443,9,0,11,1,30,,446,9,0,11,1
60201,'18',952,,457,9,0,11,1,100,,455,9,0,11,1,100,,464,9,0,11,1,100,,459,9,0,11,1,100,,453,9,0,11,1,100,,454,9,0,11,1,100,,461,9,0,11,1,100,,460,9,0,11,1,100,,456,9,0,11,1,100,,458,9,0,11,1,100,,462,9,0,11,1,100,,463,9,0,11,1
60201,'20',952,,473,9,0,11,1,70,,479,9,0,11,1,30,,480,9,0,11,1,70,,466,9,0,11,1,30,,469,9,0,11,1,70,,487,9,0,11,1,30,,486,9,0,11,1,70,,465,9,0,11,1,30,,468,9,0,11,1,70,,484,9,0,11,1,30,,482,9,0,11,1,70,,483,9,0,11,1,30,,485,9,0,11,1,70,,470,9,0,11,1,30,,474,9,0,11,1,70,,471,9,0,11,1,30,,467,9,0,11,1,70,,476,9,0,11,1,30,,472,9,0,11,1,70,,477,9,0,11,1,30,,475,9,0,11,1,70,,478,9,0,11,1,30,,481,9,0,11,1
60201,'4',952,,496,9,0,11,1,70,,502,9,0,11,1,30,,503,9,0,11,1,70,,489,9,0,11,1,30,,492,9,0,11,1,70,,510,9,0,11,1,30,,509,9,0,11,1,70,,488,9,0,11,1,30,,491,9,0,11,1,70,,507,9,0,11,1,30,,505,9,0,11,1,70,,506,9,0,11,1,30,,508,9,0,11,1,70,,493,9,0,11,1,30,,497,9,0,11,1,70,,494,9,0,11,1,30,,490,9,0,11,1,70,,499,9,0,11,1,30,,495,9,0,11,1,70,,500,9,0,11,1,30,,498,9,0,11,1,70,,501,9,0,11,1,30,,504,9,0,11,1
60201,'8',952,,515,9,0,11,1,100,,513,9,0,11,1,100,,522,9,0,11,1,100,,517,9,0,11,1,100,,511,9,0,11,1,100,,512,9,0,11,1,100,,519,9,0,11,1,100,,518,9,0,11,1,100,,514,9,0,11,1,100,,516,9,0,11,1,100,,520,9,0,11,1,100,,521,9,0,11,1
60300,'11',902,,548,3,0,9 10,1,30,,551,3,0,9 10,1,70,,529,3,0,9 10,1,30,,528,3,0,9 10,1,70,,531,3,0,9 10,1,30,,537,3,0,9 10,1,70,,532,3,0,9 10,1,30,,545,3,0,9 10,1,70,,542,3,0,9 10,1,30,,535,3,0,9 10,1,70,,540,3,0,9 10,1,30,,543,3,0,9 10,1,70,,526,3,0,9 10,1,30,,558,3,0,9 10,1,70,,527,3,0,9 10,1,30,,541,3,0,9 10,1,70,,553,3,0,9 10,1,30,,555,3,0,9 10,1,70,,530,3,0,9 10,1,30,,538,3,0,9 10,1,70,,556,3,0,9 10,1,30,,533,3,0,9 10,1,70,,525,3,0,9 10,1
60300,'14',902,,632,3,0,9 10,1,15,,611,3,0,9 10,1,15,,590,3,0,9 10,1,15,,584,3,0,9 10,1,55,,603,3,0,9 10,1,15,,604,3,0,9 10,1,15,,613,3,0,9 10,1,15,,589,3,0,9 10,1,55,,583,3,0,9 10,1,15,,636,3,0,9 10,1,15,,591,3,0,9 10,1,15,,572,3,0,9 10,1,55,,597,3,0,9 10,1,15,,594,3,0,9 10,1,15,,626,3,0,9 10,1,15,,598,3,0,9 10,1,55,,621,3,0,9 10,1,15,,569,3,0,9 10,1,15,,628,3,0,9 10,1,15,,623,3,0,9 10,1,55,,599,3,0,9 10,1,15,,568,3,0,9 10,1,15,,634,3,0,9 10,1,15,,638,3,0,9 10,1,55,,582,3,0,9 10,1,15,,593,3,0,9 10,1,15,,581,3,0,9 10,1,15,,612,3,0,9 10,1,55,,622,3,0,9 10,1,15,,570,3,0,9 10,1,15,,565,3,0,9 10,1,15,,639,3,0,9 10,1,55,,595,3,0,9 10,1,15,,631,3,0,9 10,1,15,,606,3,0,9 10,1,15,,609,3,0,9 10,1,55,,610,3,0,9 10,1,30,,586,3,0,9 10,1,70,,585,3,0,9 10,1,30,,575,3,0,9 10,1,70,,617,3,0,9 10,1
60300,'18',902,,666,3,0,9 10,1,30,,669,3,0,9 10,1,70,,647,3,0,9 10,1,30,,646,3,0,9 10,1,70,,649,3,0,9 10,1,30,,655,3,0,9 10,1,70,,650,3,0,9 10,1,30,,663,3,0,9 10,1,70,,660,3,0,9 10,1,30,,653,3,0,9 10,1,70,,658,3,0,9 10,1,30,,661,3,0,9 10,1,70,,644,3,0,9 10,1,30,,676,3,0,9 10,1,70,,645,3,0,9 10,1,30,,659,3,0,9 10,1,70,,671,3,0,9 10,1,30,,673,3,0,9 10,1,70,,648,3,0,9 10,1,30,,656,3,0,9 10,1,70,,674,3,0,9 10,1,30,,651,3,0,9 10,1,70,,643,3,0,9 10,1
60300,'20',902,,750,3,0,9 10,1,15,,729,3,0,9 10,1,15,,708,3,0,9 10,1,15,,702,3,0,9 10,1,55,,721,3,0,9 10,1,15,,722,3,0,9 10,1,15,,731,3,0,9 10,1,15,,707,3,0,9 10,1,55,,701,3,0,9 10,1,15,,754,3,0,9 10,1,15,,709,3,0,9 10,1,15,,690,3,0,9 10,1,55,,715,3,0,9 10,1,15,,712,3,0,9 10,1,15,,744,3,0,9 10,1,15,,716,3,0,9 10,1,55,,739,3,0,9 10,1,15,,687,3,0,9 10,1,15,,746,3,0,9 10,1,15,,741,3,0,9 10,1,55,,717,3,0,9 10,1,15,,686,3,0,9 10,1,15,,752,3,0,9 10,1,15,,756,3,0,9 10,1,55,,700,3,0,9 10,1,15,,711,3,0,9 10,1,15,,699,3,0,9 10,1,15,,730,3,0,9 10,1,55,,740,3,0,9 10,1,15,,688,3,0,9 10,1,15,,683,3,0,9 10,1,15,,757,3,0,9 10,1,55,,713,3,0,9 10,1,15,,749,3,0,9 10,1,15,,724,3,0,9 10,1,15,,727,3,0,9 10,1,55,,728,3,0,9 10,1,30,,704,3,0,9 10,1,70,,703,3,0,9 10,1,30,,693,3,0,9 10,1,70,,735,3,0,9 10,1
60300,'4',902,,828,3,0,9 10,1,15,,807,3,0,9 10,1,15,,786,3,0,9 10,1,15,,780,3,0,9 10,1,55,,799,3,0,9 10,1,15,,800,3,0,9 10,1,15,,809,3,0,9 10,1,15,,785,3,0,9 10,1,55,,779,3,0,9 10,1,15,,832,3,0,9 10,1,15,,787,3,0,9 10,1,15,,768,3,0,9 10,1,55,,793,3,0,9 10,1,15,,790,3,0,9 10,1,15,,822,3,0,9 10,1,15,,794,3,0,9 10,1,55,,817,3,0,9 10,1,15,,765,3,0,9 10,1,15,,824,3,0,9 10,1,15,,819,3,0,9 10,1,55,,795,3,0,9 10,1,15,,764,3,0,9 10,1,15,,830,3,0,9 10,1,15,,834,3,0,9 10,1,55,,778,3,0,9 10,1,15,,789,3,0,9 10,1,15,,777,3,0,9 10,1,15,,808,3,0,9 10,1,55,,818,3,0,9 10,1,15,,766,3,0,9 10,1,15,,761,3,0,9 10,1,15,,835,3,0,9 10,1,55,,791,3,0,9 10,1,15,,827,3,0,9 10,1,15,,802,3,0,9 10,1,15,,805,3,0,9 10,1,55,,806,3,0,9 10,1,30,,782,3,0,9 10,1,70,,781,3,0,9 10,1,30,,771,3,0,9 10,1,70,,813,3,0,9 10,1
60300,'8',902,,862,3,0,9 10,1,30,,865,3,0,9 10,1,70,,843,3,0,9 10,1,30,,842,3,0,9 10,1,70,,845,3,0,9 10,1,30,,851,3,0,9 10,1,70,,846,3,0,9 10,1,30,,859,3,0,9 10,1,70,,856,3,0,9 10,1,30,,849,3,0,9 10,1,70,,854,3,0,9 10,1,30,,857,3,0,9 10,1,70,,840,3,0,9 10,1,30,,872,3,0,9 10,1,70,,841,3,0,9 10,1,30,,855,3,0,9 10,1,70,,867,3,0,9 10,1,30,,869,3,0,9 10,1,70,,844,3,0,9 10,1,30,,852,3,0,9 10,1,70,,870,3,0,9 10,1,30,,847,3,0,9 10,1,70,,839,3,0,9 10,1
