60200,'11',929,,316,15,4,,1,100,,313,15,4,,1,100,,321,15,4,,1,100,,317,15,4,,1,100,,320,15,4,,1,100,,315,15,4,,1,100,,319,15,4,,1,100,,323,15,4,,1,100,,322,15,4,,1,100,,318,15,4,,1,100,,314,15,4,,1,100,,324,15,4,,1
60200,'14',929,,347,15,4,,1,30,,340,15,4,,1,70,,327,15,4,,1,30,,345,15,4,,1,70,,330,15,4,,1,30,,325,15,4,,1,70,,329,15,4,,1,30,,346,15,4,,1,70,,338,15,4,,1,30,,332,15,4,,1,70,,334,15,4,,1,30,,336,15,4,,1,70,,344,15,4,,1,30,,326,15,4,,1,70,,341,15,4,,1,30,,343,15,4,,1,70,,335,15,4,,1,30,,337,15,4,,1,70,,333,15,4,,1,30,,331,15,4,,1,70,,342,15,4,,1,30,,328,15,4,,1,70,,339,15,4,,1
60200,'18',929,,351,15,4,,1,100,,348,15,4,,1,100,,356,15,4,,1,100,,352,15,4,,1,100,,355,15,4,,1,100,,350,15,4,,1,100,,354,15,4,,1,100,,358,15,4,,1,100,,357,15,4,,1,100,,353,15,4,,1,100,,349,15,4,,1,100,,359,15,4,,1
60200,'20',929,,382,15,4,,1,30,,375,15,4,,1,70,,362,15,4,,1,30,,380,15,4,,1,70,,365,15,4,,1,30,,360,15,4,,1,70,,364,15,4,,1,30,,381,15,4,,1,70,,373,15,4,,1,30,,367,15,4,,1,70,,369,15,4,,1,30,,371,15,4,,1,70,,379,15,4,,1,30,,361,15,4,,1,70,,376,15,4,,1,30,,378,15,4,,1,70,,370,15,4,,1,30,,372,15,4,,1,70,,368,15,4,,1,30,,366,15,4,,1,70,,377,15,4,,1,30,,363,15,4,,1,70,,374,15,4,,1
60200,'4',929,,405,15,4,,1,30,,398,15,4,,1,70,,385,15,4,,1,30,,403,15,4,,1,70,,388,15,4,,1,30,,383,15,4,,1,70,,387,15,4,,1,30,,404,15,4,,1,70,,396,15,4,,1,30,,390,15,4,,1,70,,392,15,4,,1,30,,394,15,4,,1,70,,402,15,4,,1,30,,384,15,4,,1,70,,399,15,4,,1,30,,401,15,4,,1,70,,393,15,4,,1,30,,395,15,4,,1,70,,391,15,4,,1,30,,389,15,4,,1,70,,400,15,4,,1,30,,386,15,4,,1,70,,397,15,4,,1
60200,'8',929,,409,15,4,,1,100,,406,15,4,,1,100,,414,15,4,,1,100,,410,15,4,,1,100,,413,15,4,,1,100,,408,15,4,,1,100,,412,15,4,,1,100,,416,15,4,,1,100,,415,15,4,,1,100,,411,15,4,,1,100,,407,15,4,,1,100,,417,15,4,,1
60201,'11',930,,422,1,0,11,1,100,,420,1,0,11,1,100,,429,1,0,11,1,100,,424,1,0,11,1,100,,418,1,0,11,1,100,,419,1,0,11,1,100,,426,1,0,11,1,100,,425,1,0,11,1,100,,421,1,0,11,1,100,,423,1,0,11,1,100,,427,1,0,11,1,100,,428,1,0,11,1
60201,'14',930,,438,1,0,11,1,70,,444,1,0,11,1,30,,445,1,0,11,1,70,,431,1,0,11,1,30,,434,1,0,11,1,70,,452,1,0,11,1,30,,451,1,0,11,1,70,,430,1,0,11,1,30,,433,1,0,11,1,70,,449,1,0,11,1,30,,447,1,0,11,1,70,,448,1,0,11,1,30,,450,1,0,11,1,70,,435,1,0,11,1,30,,439,1,0,11,1,70,,436,1,0,11,1,30,,432,1,0,11,1,70,,441,1,0,11,1,30,,437,1,0,11,1,70,,442,1,0,11,1,30,,440,1,0,11,1,70,,443,1,0,11,1,30,,446,1,0,11,1
60201,'18',930,,457,1,0,11,1,100,,455,1,0,11,1,100,,464,1,0,11,1,100,,459,1,0,11,1,100,,453,1,0,11,1,100,,454,1,0,11,1,100,,461,1,0,11,1,100,,460,1,0,11,1,100,,456,1,0,11,1,100,,458,1,0,11,1,100,,462,1,0,11,1,100,,463,1,0,11,1
60201,'20',930,,473,1,0,11,1,70,,479,1,0,11,1,30,,480,1,0,11,1,70,,466,1,0,11,1,30,,469,1,0,11,1,70,,487,1,0,11,1,30,,486,1,0,11,1,70,,465,1,0,11,1,30,,468,1,0,11,1,70,,484,1,0,11,1,30,,482,1,0,11,1,70,,483,1,0,11,1,30,,485,1,0,11,1,70,,470,1,0,11,1,30,,474,1,0,11,1,70,,471,1,0,11,1,30,,467,1,0,11,1,70,,476,1,0,11,1,30,,472,1,0,11,1,70,,477,1,0,11,1,30,,475,1,0,11,1,70,,478,1,0,11,1,30,,481,1,0,11,1
60201,'4',930,,496,1,0,11,1,70,,502,1,0,11,1,30,,503,1,0,11,1,70,,489,1,0,11,1,30,,492,1,0,11,1,70,,510,1,0,11,1,30,,509,1,0,11,1,70,,488,1,0,11,1,30,,491,1,0,11,1,70,,507,1,0,11,1,30,,505,1,0,11,1,70,,506,1,0,11,1,30,,508,1,0,11,1,70,,493,1,0,11,1,30,,497,1,0,11,1,70,,494,1,0,11,1,30,,490,1,0,11,1,70,,499,1,0,11,1,30,,495,1,0,11,1,70,,500,1,0,11,1,30,,498,1,0,11,1,70,,501,1,0,11,1,30,,504,1,0,11,1
60201,'8',930,,515,1,0,11,1,100,,513,1,0,11,1,100,,522,1,0,11,1,100,,517,1,0,11,1,100,,511,1,0,11,1,100,,512,1,0,11,1,100,,519,1,0,11,1,100,,518,1,0,11,1,100,,514,1,0,11,1,100,,516,1,0,11,1,100,,520,1,0,11,1,100,,521,1,0,11,1
