'12',60200,212900,4,'',0,2000,4,'',0,6000,4,'',0,2000,4,'',0,2000,4,'',0,6000,4,'',0,2000,4,'',0,2000,4,'',0
'12',60201,85300,0,'Tablerock''',0,6000,0,'Tablerock''',0,2000,0,'Tablerock''',0,120200,0,'Tablerock''',0,2000,0,'Tablerock''',0,6000,0,'Tablerock''',0,2000,0,'Tablerock''',0,2000,0,'Tablerock''',0,6000,0,'Tablerock''',0
'18',60200,212900,4,'',0,2000,4,'',0,6000,4,'',0,2000,4,'',0,2000,4,'',0,6000,4,'',0,2000,4,'',0,2000,4,'',0
'18',60201,85300,0,'Tablerock''',0,6000,0,'Tablerock''',0,2000,0,'Tablerock''',0,120200,0,'Tablerock''',0,2000,0,'Tablerock''',0,6000,0,'Tablerock''',0,2000,0,'Tablerock''',0,2000,0,'Tablerock''',0,6000,0,'Tablerock''',0
'2',60200,212900,4,'',0,2000,4,'',0,6000,4,'',0,2000,4,'',0,2000,4,'',0,6000,4,'',0,2000,4,'',0,2000,4,'',0
'2',60201,85300,0,'Tablerock''',0,6000,0,'Tablerock''',0,2000,0,'Tablerock''',0,120200,0,'Tablerock''',0,2000,0,'Tablerock''',0,6000,0,'Tablerock''',0,2000,0,'Tablerock''',0,2000,0,'Tablerock''',0,6000,0,'Tablerock''',0
'6',60200,212900,4,'',0,2000,4,'',0,6000,4,'',0,2000,4,'',0,2000,4,'',0,6000,4,'',0,2000,4,'',0,2000,4,'',0
'6',60201,85300,0,'Tablerock''',0,6000,0,'Tablerock''',0,2000,0,'Tablerock''',0,120200,0,'Tablerock''',0,2000,0,'Tablerock''',0,6000,0,'Tablerock''',0,2000,0,'Tablerock''',0,2000,0,'Tablerock''',0,6000,0,'Tablerock''',0
'9',60200,212900,4,'',0,2000,4,'',0,6000,4,'',0,2000,4,'',0,2000,4,'',0,6000,4,'',0,2000,4,'',0,2000,4,'',0
'9',60201,85300,0,'Tablerock''',0,6000,0,'Tablerock''',0,2000,0,'Tablerock''',0,120200,0,'Tablerock''',0,2000,0,'Tablerock''',0,6000,0,'Tablerock''',0,2000,0,'Tablerock''',0,2000,0,'Tablerock''',0,6000,0,'Tablerock''',0
