30003,36,1,0
30003,18,2,0
30003,1,3,0
30003,2,4,0
30003,3,5,0
30003,4,6,0
30003,5,7,0
30003,6,8,0
30003,7,9,0
30003,20,10,0
30003,21,11,0
30003,22,12,0
30003,23,13,1
30004,23,1,0
30004,22,2,0
30004,31,3,0
30004,21,4,0
30004,33,5,0
30004,7,6,0
30004,35,7,0
30004,8,8,0
30004,9,9,0
30004,10,10,0
30004,11,11,0
30004,13,12,0
30004,14,13,0
30004,871,14,0
30004,34,15,0
30004,36,16,1
40000,950,1,0
40000,577,2,0
40000,581,3,0
40000,596,4,0
40000,152,5,0
40000,873,6,0
40000,932,7,0
40000,874,8,0
40000,980,9,0
40000,875,10,0
40000,871,11,1
40001,871,1,0
40001,940,2,0
40001,922,3,0
40001,951,4,0
40001,917,5,0
40001,923,6,0
40001,924,7,0
40001,925,8,0
40001,926,9,0
40001,929,10,0
40001,877,11,0
40001,928,12,0
40001,930,13,0
40001,965,14,0
40001,967,15,0
40001,100290,16,0
40001,577,17,0
40001,950,18,1
50000,882,1,0
50000,684,2,0
50000,959,3,0
50000,685,4,0
50000,936,5,0
50000,331,6,0
50000,332,7,0
50000,333,8,0
50000,334,9,0
50000,335,10,0
50000,336,11,0
50000,337,12,0
50000,338,13,0
50000,339,14,0
50000,340,15,0
50000,341,16,0
50000,342,17,0
50000,343,18,0
50000,344,19,0
50000,268,20,0
50000,933,21,0
50000,927,22,0
50000,894,23,0
50000,270,24,0
50000,926,25,0
50000,935,26,0
50000,871,27,1
50001,871,1,0
50001,940,2,0
50001,960,3,0
50001,923,4,0
50001,924,5,0
50001,961,6,0
50001,962,7,0
50001,963,8,0
50001,622,9,0
50001,895,10,0
50001,204,11,0
50001,206,12,0
50001,285,13,0
50001,286,14,0
50001,287,15,0
50001,288,16,0
50001,290,17,0
50001,291,18,0
50001,100284,19,0
50001,293,20,0
50001,294,21,0
50001,295,22,0
50001,296,23,0
50001,297,24,0
50001,298,25,0
50001,938,26,0
50001,939,27,0
50001,880,28,0
50001,881,29,0
50001,882,30,1
60000,102,1,0
60000,103,2,0
60000,106,3,0
60000,282,4,0
60000,189,5,0
60000,725,6,0
60000,870,7,0
60000,871,8,1
60001,871,1,0
60001,193,2,0
60001,192,3,0
60001,102,4,1
